,actual_site,actual_site_rev_conj,matching_motif,start_index,end_index,log10_site_match,num_nucleotides,0,1,2,3,4,5,6,7,8,9,10,11,12,13,sequence_number
0,CTGGGCATGG,CCATGCCCAG,CCRBGCCCAG,2781,2790,-0.07751655177629468,10,"{'A': 0.011397, 'C': 0.970868, 'G': 0.017735, 'T': 0.0}","{'A': 0.012844, 'C': 0.948593, 'G': 0.026483, 'T': 0.01208}","{'A': 0.619793, 'C': 0.030068, 'G': 0.321863, 'T': 0.028276}","{'A': 0.025113, 'C': 0.168076, 'G': 0.178169, 'T': 0.628642}","{'A': 0.127367, 'C': 0.009877, 'G': 0.834923, 'T': 0.027833}","{'A': 0.0048, 'C': 0.84374, 'G': 0.086842, 'T': 0.064618}","{'A': 0.03641, 'C': 0.867765, 'G': 0.089854, 'T': 0.005971}","{'A': 0.0, 'C': 0.981978, 'G': 0.0, 'T': 0.018022}","{'A': 0.808871, 'C': 0.011221, 'G': 0.12014, 'T': 0.059768}","{'A': 0.0, 'C': 0.03092, 'G': 0.963177, 'T': 0.005904}",,,,,0
1,CGGCGGCGG,CCGCCGCCG,known-TEAD2,161,169,-0.0931653167421136,9,"{'A': 0.014051, 'C': 0.842671, 'G': 0.08023, 'T': 0.063048}","{'A': 0.10171, 'C': 0.702577, 'G': 0.108435, 'T': 0.087279}","{'A': 0.021102, 'C': 0.023001, 'G': 0.875985, 'T': 0.079912}","{'A': 0.051884, 'C': 0.835202, 'G': 0.068869, 'T': 0.044044}","{'A': 0.141042, 'C': 0.637688, 'G': 0.113762, 'T': 0.107509}","{'A': 0.017441, 'C': 0.09362, 'G': 0.840563, 'T': 0.048376}","{'A': 0.033106, 'C': 0.871055, 'G': 0.080911, 'T': 0.014928}","{'A': 0.032873, 'C': 0.82108, 'G': 0.053395, 'T': 0.092652}","{'A': 0.053356, 'C': 0.039728, 'G': 0.873499, 'T': 0.033417}",,,,,,0
2,CGGCGGCGG,CCGCCGCCG,known-TEAD2,1685,1693,-0.0931653167421136,9,"{'A': 0.014051, 'C': 0.842671, 'G': 0.08023, 'T': 0.063048}","{'A': 0.10171, 'C': 0.702577, 'G': 0.108435, 'T': 0.087279}","{'A': 0.021102, 'C': 0.023001, 'G': 0.875985, 'T': 0.079912}","{'A': 0.051884, 'C': 0.835202, 'G': 0.068869, 'T': 0.044044}","{'A': 0.141042, 'C': 0.637688, 'G': 0.113762, 'T': 0.107509}","{'A': 0.017441, 'C': 0.09362, 'G': 0.840563, 'T': 0.048376}","{'A': 0.033106, 'C': 0.871055, 'G': 0.080911, 'T': 0.014928}","{'A': 0.032873, 'C': 0.82108, 'G': 0.053395, 'T': 0.092652}","{'A': 0.053356, 'C': 0.039728, 'G': 0.873499, 'T': 0.033417}",,,,,,0
3,TGGGCATGG,CCATGCCCA,CCVTGCCCA,2782,2790,-0.09332728325502235,9,"{'A': 0.037321, 'C': 0.899099, 'G': 0.03925, 'T': 0.024331}","{'A': 0.009832, 'C': 0.868115, 'G': 0.008478, 'T': 0.113576}","{'A': 0.576648, 'C': 0.181493, 'G': 0.153367, 'T': 0.088493}","{'A': 0.043827, 'C': 0.043331, 'G': 0.148924, 'T': 0.763918}","{'A': 0.052561, 'C': 0.106265, 'G': 0.793187, 'T': 0.047987}","{'A': 0.053276, 'C': 0.81329, 'G': 0.034118, 'T': 0.099317}","{'A': 0.039918, 'C': 0.922088, 'G': 0.016137, 'T': 0.021857}","{'A': 0.046314, 'C': 0.924399, 'G': 0.00132, 'T': 0.027967}","{'A': 0.764644, 'C': 0.107317, 'G': 0.057516, 'T': 0.070523}",,,,,,0
4,CCATGCCCA,TGGGCATGG,CCVTGCCCA,672,680,-0.09332728325502235,9,"{'A': 0.037321, 'C': 0.899099, 'G': 0.03925, 'T': 0.024331}","{'A': 0.009832, 'C': 0.868115, 'G': 0.008478, 'T': 0.113576}","{'A': 0.576648, 'C': 0.181493, 'G': 0.153367, 'T': 0.088493}","{'A': 0.043827, 'C': 0.043331, 'G': 0.148924, 'T': 0.763918}","{'A': 0.052561, 'C': 0.106265, 'G': 0.793187, 'T': 0.047987}","{'A': 0.053276, 'C': 0.81329, 'G': 0.034118, 'T': 0.099317}","{'A': 0.039918, 'C': 0.922088, 'G': 0.016137, 'T': 0.021857}","{'A': 0.046314, 'C': 0.924399, 'G': 0.00132, 'T': 0.027967}","{'A': 0.764644, 'C': 0.107317, 'G': 0.057516, 'T': 0.070523}",,,,,,0
5,CTGGAGTTC,GAACTCCAG,CWGGAGTGC,2751,2759,-0.10181899546701251,9,"{'A': 0.005221, 'C': 0.974828, 'G': 0.017264, 'T': 0.002687}","{'A': 0.265522, 'C': 0.0, 'G': 0.012462, 'T': 0.722016}","{'A': 0.001721, 'C': 0.000122, 'G': 0.998158, 'T': 0.0}","{'A': 0.011632, 'C': 0.025298, 'G': 0.959959, 'T': 0.003112}","{'A': 0.851186, 'C': 0.009786, 'G': 0.069901, 'T': 0.069127}","{'A': 0.001382, 'C': 0.022435, 'G': 0.976183, 'T': 0.0}","{'A': 0.064224, 'C': 0.02027, 'G': 0.044276, 'T': 0.87123}","{'A': 0.04605, 'C': 0.047585, 'G': 0.63215, 'T': 0.274215}","{'A': 0.002905, 'C': 0.905571, 'G': 0.057596, 'T': 0.033929}",,,,,,0
6,GGCGGCGCT,AGCGCCGCC,AGCGCCGCC,1773,1781,-0.10183224178294625,9,"{'A': 0.924421, 'C': 0.005491, 'G': 0.02037, 'T': 0.049718}","{'A': 0.035963, 'C': 0.022955, 'G': 0.92633, 'T': 0.014752}","{'A': 0.28229, 'C': 0.692804, 'G': 0.012682, 'T': 0.012224}","{'A': 0.11343, 'C': 0.035777, 'G': 0.822569, 'T': 0.028224}","{'A': 0.123358, 'C': 0.680792, 'G': 0.055919, 'T': 0.139931}","{'A': 0.040909, 'C': 0.809593, 'G': 0.109144, 'T': 0.040355}","{'A': 0.094403, 'C': 0.034107, 'G': 0.8223, 'T': 0.049191}","{'A': 0.034752, 'C': 0.753123, 'G': 0.047322, 'T': 0.164803}","{'A': 0.026339, 'C': 0.727636, 'G': 0.167967, 'T': 0.078058}",,,,,,0
7,GCGGCGAG,CTCGCCGC,SSGGSGAG,2179,2186,-0.10563452294869924,8,"{'A': 0.064, 'C': 0.286, 'G': 0.569, 'T': 0.081}","{'A': 0.001, 'C': 0.531, 'G': 0.467, 'T': 0.001}","{'A': 0.001, 'C': 0.001, 'G': 0.997, 'T': 0.001}","{'A': 0.001, 'C': 0.001, 'G': 0.997, 'T': 0.001}","{'A': 0.001, 'C': 0.48, 'G': 0.518, 'T': 0.001}","{'A': 0.001, 'C': 0.001, 'G': 0.997, 'T': 0.001}","{'A': 0.997, 'C': 0.001, 'G': 0.001, 'T': 0.001}","{'A': 0.001, 'C': 0.001, 'G': 0.997, 'T': 0.001}",,,,,,,0
8,TTCATGCCA,TGGCATGAA,TGGYGTGAW,1119,1127,-0.11951493145025127,9,"{'A': 0.099677, 'C': 0.060871, 'G': 0.018279, 'T': 0.821172}","{'A': 0.010101, 'C': 0.006547, 'G': 0.970799, 'T': 0.012552}","{'A': 0.012402, 'C': 0.008686, 'G': 0.978913, 'T': 0.0}","{'A': 0.003454, 'C': 0.637618, 'G': 0.0, 'T': 0.358928}","{'A': 0.298448, 'C': 0.064789, 'G': 0.636763, 'T': 0.0}","{'A': 0.03638, 'C': 0.0, 'G': 0.025809, 'T': 0.937811}","{'A': 0.007378, 'C': 0.021435, 'G': 0.971188, 'T': 0.0}","{'A': 0.957602, 'C': 0.023717, 'G': 0.018681, 'T': 0.0}","{'A': 0.648672, 'C': 0.024053, 'G': 0.0, 'T': 0.327275}",,,,,,0
9,CCCACCATGC,GCATGGTGGG,known-ING4,677,686,-0.12786271321700676,10,"{'A': 0.270052, 'C': 0.182187, 'G': 0.500153, 'T': 0.047608}","{'A': 0.046576, 'C': 0.863629, 'G': 0.022863, 'T': 0.066932}","{'A': 0.010679, 'C': 0.971559, 'G': 0.006708, 'T': 0.011055}","{'A': 0.866505, 'C': 0.020095, 'G': 0.100047, 'T': 0.013354}","{'A': 0.009325, 'C': 0.959106, 'G': 0.022675, 'T': 0.008893}","{'A': 0.021169, 'C': 0.900016, 'G': 0.021551, 'T': 0.057264}","{'A': 0.79955, 'C': 0.076465, 'G': 0.102182, 'T': 0.021802}","{'A': 0.04604, 'C': 0.106605, 'G': 0.086593, 'T': 0.760761}","{'A': 0.040748, 'C': 0.111597, 'G': 0.800536, 'T': 0.047119}","{'A': 0.023871, 'C': 0.945576, 'G': 0.018535, 'T': 0.012018}",,,,,0
10,ACAGCACTC,GAGTGCTGT,known-ZBTB3,895,903,-0.12978020142339575,9,"{'A': 0.755999, 'C': 0.056664, 'G': 0.056868, 'T': 0.130468}","{'A': 0.001293, 'C': 0.964327, 'G': 0.009351, 'T': 0.025029}","{'A': 0.215649, 'C': 0.033696, 'G': 0.006338, 'T': 0.744316}","{'A': 0.014481, 'C': 0.018738, 'G': 0.954246, 'T': 0.012536}","{'A': 0.020976, 'C': 0.909999, 'G': 0.022273, 'T': 0.046752}","{'A': 0.820694, 'C': 0.113914, 'G': 0.025739, 'T': 0.039653}","{'A': 0.02632, 'C': 0.936914, 'G': 0.019053, 'T': 0.017713}","{'A': 0.028415, 'C': 0.039369, 'G': 0.072322, 'T': 0.859894}","{'A': 0.007028, 'C': 0.752416, 'G': 0.040135, 'T': 0.200421}",,,,,,0
11,CCAGGCCCAG,CTGGGCCTGG,CCRBGCCCAG,2082,2091,-0.1322736768462648,10,"{'A': 0.011397, 'C': 0.970868, 'G': 0.017735, 'T': 0.0}","{'A': 0.012844, 'C': 0.948593, 'G': 0.026483, 'T': 0.01208}","{'A': 0.619793, 'C': 0.030068, 'G': 0.321863, 'T': 0.028276}","{'A': 0.025113, 'C': 0.168076, 'G': 0.178169, 'T': 0.628642}","{'A': 0.127367, 'C': 0.009877, 'G': 0.834923, 'T': 0.027833}","{'A': 0.0048, 'C': 0.84374, 'G': 0.086842, 'T': 0.064618}","{'A': 0.03641, 'C': 0.867765, 'G': 0.089854, 'T': 0.005971}","{'A': 0.0, 'C': 0.981978, 'G': 0.0, 'T': 0.018022}","{'A': 0.808871, 'C': 0.011221, 'G': 0.12014, 'T': 0.059768}","{'A': 0.0, 'C': 0.03092, 'G': 0.963177, 'T': 0.005904}",,,,,0
12,CCAGGCCCAG,CTGGGCCTGG,CCRBGCCCAG,1383,1392,-0.1322736768462648,10,"{'A': 0.011397, 'C': 0.970868, 'G': 0.017735, 'T': 0.0}","{'A': 0.012844, 'C': 0.948593, 'G': 0.026483, 'T': 0.01208}","{'A': 0.619793, 'C': 0.030068, 'G': 0.321863, 'T': 0.028276}","{'A': 0.025113, 'C': 0.168076, 'G': 0.178169, 'T': 0.628642}","{'A': 0.127367, 'C': 0.009877, 'G': 0.834923, 'T': 0.027833}","{'A': 0.0048, 'C': 0.84374, 'G': 0.086842, 'T': 0.064618}","{'A': 0.03641, 'C': 0.867765, 'G': 0.089854, 'T': 0.005971}","{'A': 0.0, 'C': 0.981978, 'G': 0.0, 'T': 0.018022}","{'A': 0.808871, 'C': 0.011221, 'G': 0.12014, 'T': 0.059768}","{'A': 0.0, 'C': 0.03092, 'G': 0.963177, 'T': 0.005904}",,,,,0
13,CTGCCACCAC,GTGGTGGCAG,GAGGTKGCAG,1056,1065,-0.14479701451523724,10,"{'A': 0.00468, 'C': 0.003178, 'G': 0.991544, 'T': 0.000598}","{'A': 0.797139, 'C': 0.038644, 'G': 0.002974, 'T': 0.161244}","{'A': 0.011701, 'C': 0.008467, 'G': 0.977984, 'T': 0.001848}","{'A': 0.01331, 'C': 0.161055, 'G': 0.820724, 'T': 0.004911}","{'A': 0.015348, 'C': 0.024352, 'G': 0.011903, 'T': 0.948397}","{'A': 0.001198, 'C': 0.004955, 'G': 0.423881, 'T': 0.569966}","{'A': 0.020501, 'C': 0.005623, 'G': 0.946015, 'T': 0.027861}","{'A': 0.01979, 'C': 0.885287, 'G': 0.052169, 'T': 0.042753}","{'A': 0.888916, 'C': 0.022806, 'G': 0.085186, 'T': 0.003093}","{'A': 0.01951, 'C': 0.023794, 'G': 0.928172, 'T': 0.028524}",,,,,0
14,CTGCCAGCTC,GAGCTGGCAG,GAGGTKGCAG,987,996,-0.14611425721595844,10,"{'A': 0.00468, 'C': 0.003178, 'G': 0.991544, 'T': 0.000598}","{'A': 0.797139, 'C': 0.038644, 'G': 0.002974, 'T': 0.161244}","{'A': 0.011701, 'C': 0.008467, 'G': 0.977984, 'T': 0.001848}","{'A': 0.01331, 'C': 0.161055, 'G': 0.820724, 'T': 0.004911}","{'A': 0.015348, 'C': 0.024352, 'G': 0.011903, 'T': 0.948397}","{'A': 0.001198, 'C': 0.004955, 'G': 0.423881, 'T': 0.569966}","{'A': 0.020501, 'C': 0.005623, 'G': 0.946015, 'T': 0.027861}","{'A': 0.01979, 'C': 0.885287, 'G': 0.052169, 'T': 0.042753}","{'A': 0.888916, 'C': 0.022806, 'G': 0.085186, 'T': 0.003093}","{'A': 0.01951, 'C': 0.023794, 'G': 0.928172, 'T': 0.028524}",,,,,0
15,ACACTACTG,CAGTAGTGT,CAGTAGTGG,406,414,-0.15031247454874838,9,"{'A': 0.026779, 'C': 0.728328, 'G': 0.0, 'T': 0.244892}","{'A': 0.929755, 'C': 0.005234, 'G': 0.0, 'T': 0.065011}","{'A': 0.018109, 'C': 0.0, 'G': 0.981891, 'T': 0.0}","{'A': 0.060273, 'C': 0.029574, 'G': 0.074068, 'T': 0.836086}","{'A': 0.938168, 'C': 0.030676, 'G': 0.0, 'T': 0.031156}","{'A': 0.209949, 'C': 0.0, 'G': 0.785674, 'T': 0.004377}","{'A': 0.077849, 'C': 0.044387, 'G': 0.0, 'T': 0.877765}","{'A': 0.183239, 'C': 0.075694, 'G': 0.695044, 'T': 0.046023}","{'A': 0.056621, 'C': 0.065923, 'G': 0.699929, 'T': 0.177527}",,,,,,0
16,GGAGTTCAAG,CTTGAACTCC,CTTGAACTCA,956,965,-0.1558594609545337,10,"{'A': 0.002869, 'C': 0.990824, 'G': 0.001116, 'T': 0.005191}","{'A': 0.020151, 'C': 0.044371, 'G': 0.005285, 'T': 0.930194}","{'A': 0.197719, 'C': 0.0, 'G': 0.090187, 'T': 0.712094}","{'A': 0.017358, 'C': 0.000834, 'G': 0.981808, 'T': 0.0}","{'A': 0.930471, 'C': 0.069529, 'G': 0.0, 'T': 0.0}","{'A': 0.968038, 'C': 0.008557, 'G': 0.012962, 'T': 0.010443}","{'A': 0.008824, 'C': 0.968232, 'G': 0.022944, 'T': 0.0}","{'A': 0.007875, 'C': 0.160658, 'G': 0.020402, 'T': 0.811066}","{'A': 0.05029, 'C': 0.946827, 'G': 0.0, 'T': 0.002883}","{'A': 0.907818, 'C': 0.064028, 'G': 0.02102, 'T': 0.007135}",,,,,0
17,CCCAGCTCCA,TGGAGCTGGG,known-TOPORS,692,701,-0.16214300979856378,10,"{'A': 0.012058, 'C': 0.954299, 'G': 0.018643, 'T': 0.015}","{'A': 0.051768, 'C': 0.906413, 'G': 0.012872, 'T': 0.028948}","{'A': 0.003046, 'C': 0.953666, 'G': 0.016904, 'T': 0.026384}","{'A': 0.875449, 'C': 0.011082, 'G': 0.066606, 'T': 0.046863}","{'A': 0.004188, 'C': 0.08373, 'G': 0.892561, 'T': 0.019522}","{'A': 0.017478, 'C': 0.910867, 'G': 0.059016, 'T': 0.012639}","{'A': 0.086425, 'C': 0.13936, 'G': 0.016101, 'T': 0.758113}","{'A': 0.596803, 'C': 0.238178, 'G': 0.128375, 'T': 0.036644}","{'A': 0.104676, 'C': 0.823098, 'G': 0.01334, 'T': 0.058887}","{'A': 0.274001, 'C': 0.257334, 'G': 0.073678, 'T': 0.394987}",,,,,0
18,AGACCACAT,ATGTGGTCT,ARACCCCAT,2315,2323,-0.16626228538914398,9,"{'A': 0.9569, 'C': 0.010451, 'G': 0.019284, 'T': 0.013365}","{'A': 0.541663, 'C': 0.031449, 'G': 0.426226, 'T': 0.000662}","{'A': 0.870439, 'C': 0.009822, 'G': 0.037485, 'T': 0.082254}","{'A': 0.064271, 'C': 0.881364, 'G': 0.028331, 'T': 0.026033}","{'A': 0.006431, 'C': 0.761149, 'G': 0.011995, 'T': 0.220425}","{'A': 0.164488, 'C': 0.814792, 'G': 0.004534, 'T': 0.016185}","{'A': 0.0, 'C': 0.941428, 'G': 0.013512, 'T': 0.045059}","{'A': 0.95451, 'C': 0.012106, 'G': 0.033384, 'T': 0.0}","{'A': 0.00537, 'C': 0.039312, 'G': 0.049445, 'T': 0.905874}",,,,,,0
19,CTTCAGCCT,AGGCTGAAG,known-PAX5,1343,1351,-0.16632019321575858,9,"{'A': 0.904137, 'C': 0.011566, 'G': 0.066642, 'T': 0.017655}","{'A': 0.076858, 'C': 0.005749, 'G': 0.907931, 'T': 0.009463}","{'A': 0.012586, 'C': 0.032499, 'G': 0.94351, 'T': 0.011404}","{'A': 0.016864, 'C': 0.876058, 'G': 0.050766, 'T': 0.056312}","{'A': 0.143694, 'C': 0.144497, 'G': 0.128628, 'T': 0.583181}","{'A': 0.044967, 'C': 0.035376, 'G': 0.919356, 'T': 0.000301}","{'A': 0.77285, 'C': 0.038913, 'G': 0.146855, 'T': 0.041381}","{'A': 0.130105, 'C': 0.011954, 'G': 0.851113, 'T': 0.006828}","{'A': 0.063567, 'C': 0.053238, 'G': 0.870714, 'T': 0.012481}",,,,,,0
20,CTTCAGCCT,AGGCTGAAG,known-PAX5,2042,2050,-0.16632019321575858,9,"{'A': 0.904137, 'C': 0.011566, 'G': 0.066642, 'T': 0.017655}","{'A': 0.076858, 'C': 0.005749, 'G': 0.907931, 'T': 0.009463}","{'A': 0.012586, 'C': 0.032499, 'G': 0.94351, 'T': 0.011404}","{'A': 0.016864, 'C': 0.876058, 'G': 0.050766, 'T': 0.056312}","{'A': 0.143694, 'C': 0.144497, 'G': 0.128628, 'T': 0.583181}","{'A': 0.044967, 'C': 0.035376, 'G': 0.919356, 'T': 0.000301}","{'A': 0.77285, 'C': 0.038913, 'G': 0.146855, 'T': 0.041381}","{'A': 0.130105, 'C': 0.011954, 'G': 0.851113, 'T': 0.006828}","{'A': 0.063567, 'C': 0.053238, 'G': 0.870714, 'T': 0.012481}",,,,,,0
21,AGGGCGAGG,CCTCGCCCT,CCTCGCCCG,2098,2106,-0.17134499434910447,9,"{'A': 0.172917, 'C': 0.813055, 'G': 0.0, 'T': 0.014028}","{'A': 0.131656, 'C': 0.786498, 'G': 0.028616, 'T': 0.05323}","{'A': 0.054177, 'C': 0.092655, 'G': 0.066622, 'T': 0.786545}","{'A': 0.0, 'C': 0.97266, 'G': 0.0, 'T': 0.02734}","{'A': 0.01484, 'C': 0.013102, 'G': 0.90046, 'T': 0.071598}","{'A': 0.003889, 'C': 0.925062, 'G': 0.033559, 'T': 0.037491}","{'A': 0.032409, 'C': 0.795972, 'G': 0.161451, 'T': 0.010167}","{'A': 0.01185, 'C': 0.62005, 'G': 0.093515, 'T': 0.274585}","{'A': 0.008027, 'C': 0.088246, 'G': 0.761025, 'T': 0.142703}",,,,,,0
22,AGGGCGAGG,CCTCGCCCT,CCTCGCCCG,2185,2193,-0.17134499434910447,9,"{'A': 0.172917, 'C': 0.813055, 'G': 0.0, 'T': 0.014028}","{'A': 0.131656, 'C': 0.786498, 'G': 0.028616, 'T': 0.05323}","{'A': 0.054177, 'C': 0.092655, 'G': 0.066622, 'T': 0.786545}","{'A': 0.0, 'C': 0.97266, 'G': 0.0, 'T': 0.02734}","{'A': 0.01484, 'C': 0.013102, 'G': 0.90046, 'T': 0.071598}","{'A': 0.003889, 'C': 0.925062, 'G': 0.033559, 'T': 0.037491}","{'A': 0.032409, 'C': 0.795972, 'G': 0.161451, 'T': 0.010167}","{'A': 0.01185, 'C': 0.62005, 'G': 0.093515, 'T': 0.274585}","{'A': 0.008027, 'C': 0.088246, 'G': 0.761025, 'T': 0.142703}",,,,,,0
23,GAGCAGCGG,CCGCTGCTC,CCGCGGCTC,494,502,-0.17459088525490735,9,"{'A': 0.015936, 'C': 0.89093, 'G': 0.062464, 'T': 0.03067}","{'A': 0.123503, 'C': 0.763992, 'G': 0.043258, 'T': 0.069248}","{'A': 0.046217, 'C': 0.055002, 'G': 0.739239, 'T': 0.159542}","{'A': 0.07929, 'C': 0.817484, 'G': 0.056058, 'T': 0.047168}","{'A': 0.116146, 'C': 0.045436, 'G': 0.712249, 'T': 0.126169}","{'A': 0.029315, 'C': 0.039799, 'G': 0.787364, 'T': 0.143522}","{'A': 0.072744, 'C': 0.8432, 'G': 0.037358, 'T': 0.046698}","{'A': 0.062189, 'C': 0.062341, 'G': 0.057781, 'T': 0.817689}","{'A': 0.00174, 'C': 0.952442, 'G': 0.020786, 'T': 0.025032}",,,,,,0
24,CTGGGCGAC,GTCGCCCAG,CYGGCCRRC,1434,1442,-0.17806917295757177,9,"{'A': 0.007938, 'C': 0.985152, 'G': 0.0, 'T': 0.006909}","{'A': 0.024619, 'C': 0.258362, 'G': 0.022219, 'T': 0.6948}","{'A': 0.046433, 'C': 0.0009, 'G': 0.952667, 'T': 0.0}","{'A': 0.0, 'C': 0.00683, 'G': 0.991519, 'T': 0.001651}","{'A': 0.022019, 'C': 0.747881, 'G': 0.226051, 'T': 0.004049}","{'A': 0.016309, 'C': 0.965816, 'G': 0.017176, 'T': 0.0007}","{'A': 0.675872, 'C': 0.020436, 'G': 0.280135, 'T': 0.023557}","{'A': 0.695036, 'C': 0.090809, 'G': 0.188599, 'T': 0.025557}","{'A': 0.008111, 'C': 0.908441, 'G': 0.077731, 'T': 0.005717}",,,,,,0
25,GGCGACGCT,AGCGTCGCC,AGCGCCGCC,2193,2201,-0.17817674244151072,9,"{'A': 0.924421, 'C': 0.005491, 'G': 0.02037, 'T': 0.049718}","{'A': 0.035963, 'C': 0.022955, 'G': 0.92633, 'T': 0.014752}","{'A': 0.28229, 'C': 0.692804, 'G': 0.012682, 'T': 0.012224}","{'A': 0.11343, 'C': 0.035777, 'G': 0.822569, 'T': 0.028224}","{'A': 0.123358, 'C': 0.680792, 'G': 0.055919, 'T': 0.139931}","{'A': 0.040909, 'C': 0.809593, 'G': 0.109144, 'T': 0.040355}","{'A': 0.094403, 'C': 0.034107, 'G': 0.8223, 'T': 0.049191}","{'A': 0.034752, 'C': 0.753123, 'G': 0.047322, 'T': 0.164803}","{'A': 0.026339, 'C': 0.727636, 'G': 0.167967, 'T': 0.078058}",,,,,,0
26,TGCGCTACT,AGTAGCGCA,AGTGGCGCA,2031,2039,-0.1783533745911382,9,"{'A': 1.0, 'C': 0.0, 'G': 0.0, 'T': 0.0}","{'A': 0.0, 'C': 0.011585, 'G': 0.988415, 'T': 0.0}","{'A': 0.009485, 'C': 0.008862, 'G': 0.015116, 'T': 0.966537}","{'A': 0.050785, 'C': 0.002312, 'G': 0.946903, 'T': 0.0}","{'A': 0.005216, 'C': 0.005239, 'G': 0.986218, 'T': 0.003327}","{'A': 0.0, 'C': 0.89554, 'G': 0.0, 'T': 0.10446}","{'A': 0.275266, 'C': 0.0, 'G': 0.597459, 'T': 0.127274}","{'A': 0.0, 'C': 0.974351, 'G': 0.002673, 'T': 0.022976}","{'A': 0.99505, 'C': 0.0, 'G': 0.0, 'T': 0.00495}",,,,,,0
27,TGCGCTACT,AGTAGCGCA,AGTGGCGCA,66,74,-0.1783533745911382,9,"{'A': 1.0, 'C': 0.0, 'G': 0.0, 'T': 0.0}","{'A': 0.0, 'C': 0.011585, 'G': 0.988415, 'T': 0.0}","{'A': 0.009485, 'C': 0.008862, 'G': 0.015116, 'T': 0.966537}","{'A': 0.050785, 'C': 0.002312, 'G': 0.946903, 'T': 0.0}","{'A': 0.005216, 'C': 0.005239, 'G': 0.986218, 'T': 0.003327}","{'A': 0.0, 'C': 0.89554, 'G': 0.0, 'T': 0.10446}","{'A': 0.275266, 'C': 0.0, 'G': 0.597459, 'T': 0.127274}","{'A': 0.0, 'C': 0.974351, 'G': 0.002673, 'T': 0.022976}","{'A': 0.99505, 'C': 0.0, 'G': 0.0, 'T': 0.00495}",,,,,,0
28,CGGCAGCGG,CCGCTGCCG,known-TEAD2,1586,1594,-0.17907236365895737,9,"{'A': 0.014051, 'C': 0.842671, 'G': 0.08023, 'T': 0.063048}","{'A': 0.10171, 'C': 0.702577, 'G': 0.108435, 'T': 0.087279}","{'A': 0.021102, 'C': 0.023001, 'G': 0.875985, 'T': 0.079912}","{'A': 0.051884, 'C': 0.835202, 'G': 0.068869, 'T': 0.044044}","{'A': 0.141042, 'C': 0.637688, 'G': 0.113762, 'T': 0.107509}","{'A': 0.017441, 'C': 0.09362, 'G': 0.840563, 'T': 0.048376}","{'A': 0.033106, 'C': 0.871055, 'G': 0.080911, 'T': 0.014928}","{'A': 0.032873, 'C': 0.82108, 'G': 0.053395, 'T': 0.092652}","{'A': 0.053356, 'C': 0.039728, 'G': 0.873499, 'T': 0.033417}",,,,,,0
29,CGGCAGCGG,CCGCTGCCG,known-TEAD2,1580,1588,-0.17907236365895737,9,"{'A': 0.014051, 'C': 0.842671, 'G': 0.08023, 'T': 0.063048}","{'A': 0.10171, 'C': 0.702577, 'G': 0.108435, 'T': 0.087279}","{'A': 0.021102, 'C': 0.023001, 'G': 0.875985, 'T': 0.079912}","{'A': 0.051884, 'C': 0.835202, 'G': 0.068869, 'T': 0.044044}","{'A': 0.141042, 'C': 0.637688, 'G': 0.113762, 'T': 0.107509}","{'A': 0.017441, 'C': 0.09362, 'G': 0.840563, 'T': 0.048376}","{'A': 0.033106, 'C': 0.871055, 'G': 0.080911, 'T': 0.014928}","{'A': 0.032873, 'C': 0.82108, 'G': 0.053395, 'T': 0.092652}","{'A': 0.053356, 'C': 0.039728, 'G': 0.873499, 'T': 0.033417}",,,,,,0
30,TTCGGCGG,CCGCCGAA,SCGVSRRA,1683,1690,-0.18301559504948883,8,"{'A': 0.001, 'C': 0.476, 'G': 0.396, 'T': 0.127}","{'A': 0.001, 'C': 0.997, 'G': 0.001, 'T': 0.001}","{'A': 0.213, 'C': 0.001, 'G': 0.785, 'T': 0.001}","{'A': 0.299, 'C': 0.374, 'G': 0.326, 'T': 0.001}","{'A': 0.105, 'C': 0.604, 'G': 0.29, 'T': 0.001}","{'A': 0.424, 'C': 0.001, 'G': 0.574, 'T': 0.001}","{'A': 0.754, 'C': 0.001, 'G': 0.244, 'T': 0.001}","{'A': 0.943, 'C': 0.001, 'G': 0.001, 'T': 0.055}",,,,,,,0
31,CTGAGCTGA,TCAGCTCAG,GTGAGCTGA,1165,1173,-0.18625842049918018,9,"{'A': 0.050134, 'C': 0.086844, 'G': 0.854198, 'T': 0.008824}","{'A': 0.089162, 'C': 0.065481, 'G': 0.081049, 'T': 0.764308}","{'A': 0.0, 'C': 0.031897, 'G': 0.968103, 'T': 0.0}","{'A': 0.80115, 'C': 0.013136, 'G': 0.174771, 'T': 0.010944}","{'A': 0.016258, 'C': 0.001836, 'G': 0.960486, 'T': 0.02142}","{'A': 0.117838, 'C': 0.820549, 'G': 0.05556, 'T': 0.006053}","{'A': 0.155877, 'C': 0.047206, 'G': 0.107352, 'T': 0.689565}","{'A': 0.0, 'C': 0.032714, 'G': 0.967286, 'T': 0.0}","{'A': 0.778583, 'C': 0.0, 'G': 0.045935, 'T': 0.175482}",,,,,,0
32,CAAGACTAG,CTAGTCTTG,CAAGRCCMG,1985,1993,-0.18639217506714167,9,"{'A': 0.0, 'C': 0.97319, 'G': 0.025861, 'T': 0.000949}","{'A': 0.85921, 'C': 0.103236, 'G': 0.015235, 'T': 0.022318}","{'A': 0.813436, 'C': 0.011202, 'G': 0.151298, 'T': 0.024064}","{'A': 0.075533, 'C': 0.014522, 'G': 0.90576, 'T': 0.004185}","{'A': 0.593552, 'C': 0.016657, 'G': 0.360994, 'T': 0.028797}","{'A': 0.099484, 'C': 0.816486, 'G': 0.014887, 'T': 0.069142}","{'A': 0.001393, 'C': 0.877802, 'G': 0.009614, 'T': 0.111192}","{'A': 0.693861, 'C': 0.254521, 'G': 0.015684, 'T': 0.035935}","{'A': 0.024781, 'C': 0.030741, 'G': 0.912186, 'T': 0.032292}",,,,,,0
33,CTGGAGTAC,GTACTCCAG,CWGGAGTGC,2511,2519,-0.18791472581975038,9,"{'A': 0.005221, 'C': 0.974828, 'G': 0.017264, 'T': 0.002687}","{'A': 0.265522, 'C': 0.0, 'G': 0.012462, 'T': 0.722016}","{'A': 0.001721, 'C': 0.000122, 'G': 0.998158, 'T': 0.0}","{'A': 0.011632, 'C': 0.025298, 'G': 0.959959, 'T': 0.003112}","{'A': 0.851186, 'C': 0.009786, 'G': 0.069901, 'T': 0.069127}","{'A': 0.001382, 'C': 0.022435, 'G': 0.976183, 'T': 0.0}","{'A': 0.064224, 'C': 0.02027, 'G': 0.044276, 'T': 0.87123}","{'A': 0.04605, 'C': 0.047585, 'G': 0.63215, 'T': 0.274215}","{'A': 0.002905, 'C': 0.905571, 'G': 0.057596, 'T': 0.033929}",,,,,,0
34,GTCTGGAGT,ACTCCAGAC,ACTCCWGCC,133,141,-0.18897107242204447,9,"{'A': 0.752104, 'C': 0.06233, 'G': 0.012839, 'T': 0.172726}","{'A': 0.010513, 'C': 0.83877, 'G': 0.144938, 'T': 0.005779}","{'A': 0.148032, 'C': 0.012777, 'G': 0.030367, 'T': 0.808824}","{'A': 0.004668, 'C': 0.889492, 'G': 0.101587, 'T': 0.004254}","{'A': 0.064096, 'C': 0.920496, 'G': 0.001897, 'T': 0.013511}","{'A': 0.566149, 'C': 0.084299, 'G': 0.034022, 'T': 0.31553}","{'A': 0.05657, 'C': 0.043741, 'G': 0.797812, 'T': 0.101877}","{'A': 0.120475, 'C': 0.843676, 'G': 0.021386, 'T': 0.014463}","{'A': 0.018197, 'C': 0.87618, 'G': 0.007366, 'T': 0.098257}",,,,,,0
35,CAACCACCAC,GTGGTGGTTG,SMRCCTCCAC,1304,1313,-0.19103131972852244,10,"{'A': 0.097093, 'C': 0.532774, 'G': 0.328052, 'T': 0.042081}","{'A': 0.670387, 'C': 0.167536, 'G': 0.028111, 'T': 0.133966}","{'A': 0.567871, 'C': 0.121782, 'G': 0.258182, 'T': 0.052165}","{'A': 0.06412, 'C': 0.752273, 'G': 0.074943, 'T': 0.108664}","{'A': 0.00693, 'C': 0.969317, 'G': 0.007744, 'T': 0.016009}","{'A': 0.133323, 'C': 0.064324, 'G': 0.015718, 'T': 0.786635}","{'A': 0.004899, 'C': 0.948576, 'G': 0.029125, 'T': 0.0174}","{'A': 0.013919, 'C': 0.92917, 'G': 0.003375, 'T': 0.053536}","{'A': 0.802222, 'C': 0.068556, 'G': 0.014659, 'T': 0.114562}","{'A': 0.012612, 'C': 0.88178, 'G': 0.036824, 'T': 0.068784}",,,,,0
36,CAGGGCCAG,CTGGCCCTG,CAAGRCCMG,1659,1667,-0.19185061581563,9,"{'A': 0.0, 'C': 0.97319, 'G': 0.025861, 'T': 0.000949}","{'A': 0.85921, 'C': 0.103236, 'G': 0.015235, 'T': 0.022318}","{'A': 0.813436, 'C': 0.011202, 'G': 0.151298, 'T': 0.024064}","{'A': 0.075533, 'C': 0.014522, 'G': 0.90576, 'T': 0.004185}","{'A': 0.593552, 'C': 0.016657, 'G': 0.360994, 'T': 0.028797}","{'A': 0.099484, 'C': 0.816486, 'G': 0.014887, 'T': 0.069142}","{'A': 0.001393, 'C': 0.877802, 'G': 0.009614, 'T': 0.111192}","{'A': 0.693861, 'C': 0.254521, 'G': 0.015684, 'T': 0.035935}","{'A': 0.024781, 'C': 0.030741, 'G': 0.912186, 'T': 0.032292}",,,,,,0
37,ACAGCACTT,AAGTGCTGT,known-ZBTB3,1900,1908,-0.193615178919413,9,"{'A': 0.755999, 'C': 0.056664, 'G': 0.056868, 'T': 0.130468}","{'A': 0.001293, 'C': 0.964327, 'G': 0.009351, 'T': 0.025029}","{'A': 0.215649, 'C': 0.033696, 'G': 0.006338, 'T': 0.744316}","{'A': 0.014481, 'C': 0.018738, 'G': 0.954246, 'T': 0.012536}","{'A': 0.020976, 'C': 0.909999, 'G': 0.022273, 'T': 0.046752}","{'A': 0.820694, 'C': 0.113914, 'G': 0.025739, 'T': 0.039653}","{'A': 0.02632, 'C': 0.936914, 'G': 0.019053, 'T': 0.017713}","{'A': 0.028415, 'C': 0.039369, 'G': 0.072322, 'T': 0.859894}","{'A': 0.007028, 'C': 0.752416, 'G': 0.040135, 'T': 0.200421}",,,,,,0
38,CGGCGGCAG,CTGCCGCCG,known-TEAD2,164,172,-0.19380800192850137,9,"{'A': 0.014051, 'C': 0.842671, 'G': 0.08023, 'T': 0.063048}","{'A': 0.10171, 'C': 0.702577, 'G': 0.108435, 'T': 0.087279}","{'A': 0.021102, 'C': 0.023001, 'G': 0.875985, 'T': 0.079912}","{'A': 0.051884, 'C': 0.835202, 'G': 0.068869, 'T': 0.044044}","{'A': 0.141042, 'C': 0.637688, 'G': 0.113762, 'T': 0.107509}","{'A': 0.017441, 'C': 0.09362, 'G': 0.840563, 'T': 0.048376}","{'A': 0.033106, 'C': 0.871055, 'G': 0.080911, 'T': 0.014928}","{'A': 0.032873, 'C': 0.82108, 'G': 0.053395, 'T': 0.092652}","{'A': 0.053356, 'C': 0.039728, 'G': 0.873499, 'T': 0.033417}",,,,,,0
39,GCCAGCTCC,GGAGCTGGC,GCMACCTCC,989,997,-0.19383552870711107,9,"{'A': 0.082116, 'C': 0.078106, 'G': 0.839777, 'T': 0.0}","{'A': 0.003769, 'C': 0.923903, 'G': 0.020208, 'T': 0.052119}","{'A': 0.626749, 'C': 0.213018, 'G': 0.0, 'T': 0.160233}","{'A': 0.859871, 'C': 0.055759, 'G': 0.04924, 'T': 0.03513}","{'A': 0.004897, 'C': 0.829157, 'G': 0.156746, 'T': 0.009199}","{'A': 0.006235, 'C': 0.97803, 'G': 0.0, 'T': 0.015734}","{'A': 0.087924, 'C': 0.0, 'G': 0.0, 'T': 0.912076}","{'A': 0.0, 'C': 0.968157, 'G': 0.02852, 'T': 0.003322}","{'A': 0.003684, 'C': 0.936084, 'G': 0.010749, 'T': 0.049483}",,,,,,0
40,CTGGAGTGG,CCACTCCAG,CWGGAGTGC,135,143,-0.19446357864696273,9,"{'A': 0.005221, 'C': 0.974828, 'G': 0.017264, 'T': 0.002687}","{'A': 0.265522, 'C': 0.0, 'G': 0.012462, 'T': 0.722016}","{'A': 0.001721, 'C': 0.000122, 'G': 0.998158, 'T': 0.0}","{'A': 0.011632, 'C': 0.025298, 'G': 0.959959, 'T': 0.003112}","{'A': 0.851186, 'C': 0.009786, 'G': 0.069901, 'T': 0.069127}","{'A': 0.001382, 'C': 0.022435, 'G': 0.976183, 'T': 0.0}","{'A': 0.064224, 'C': 0.02027, 'G': 0.044276, 'T': 0.87123}","{'A': 0.04605, 'C': 0.047585, 'G': 0.63215, 'T': 0.274215}","{'A': 0.002905, 'C': 0.905571, 'G': 0.057596, 'T': 0.033929}",,,,,,0
41,GCAGCTGA,TCAGCTGC,KCRGCHGC,1760,1767,-0.19624102328087456,8,"{'A': 0.003, 'C': 0.104, 'G': 0.347, 'T': 0.546}","{'A': 0.045, 'C': 0.702, 'G': 0.002, 'T': 0.251}","{'A': 0.366, 'C': 0.001, 'G': 0.632, 'T': 0.001}","{'A': 0.279, 'C': 0.044, 'G': 0.676, 'T': 0.001}","{'A': 0.137, 'C': 0.802, 'G': 0.06, 'T': 0.001}","{'A': 0.33, 'C': 0.147, 'G': 0.001, 'T': 0.522}","{'A': 0.001, 'C': 0.165, 'G': 0.833, 'T': 0.001}","{'A': 0.107, 'C': 0.814, 'G': 0.001, 'T': 0.078}",,,,,,,0
42,GCACTACTG,CAGTAGTGC,CAGTAGTGG,2233,2241,-0.19811552468300844,9,"{'A': 0.026779, 'C': 0.728328, 'G': 0.0, 'T': 0.244892}","{'A': 0.929755, 'C': 0.005234, 'G': 0.0, 'T': 0.065011}","{'A': 0.018109, 'C': 0.0, 'G': 0.981891, 'T': 0.0}","{'A': 0.060273, 'C': 0.029574, 'G': 0.074068, 'T': 0.836086}","{'A': 0.938168, 'C': 0.030676, 'G': 0.0, 'T': 0.031156}","{'A': 0.209949, 'C': 0.0, 'G': 0.785674, 'T': 0.004377}","{'A': 0.077849, 'C': 0.044387, 'G': 0.0, 'T': 0.877765}","{'A': 0.183239, 'C': 0.075694, 'G': 0.695044, 'T': 0.046023}","{'A': 0.056621, 'C': 0.065923, 'G': 0.699929, 'T': 0.177527}",,,,,,0
43,GCACTACTG,CAGTAGTGC,CAGTAGTGG,334,342,-0.19811552468300844,9,"{'A': 0.026779, 'C': 0.728328, 'G': 0.0, 'T': 0.244892}","{'A': 0.929755, 'C': 0.005234, 'G': 0.0, 'T': 0.065011}","{'A': 0.018109, 'C': 0.0, 'G': 0.981891, 'T': 0.0}","{'A': 0.060273, 'C': 0.029574, 'G': 0.074068, 'T': 0.836086}","{'A': 0.938168, 'C': 0.030676, 'G': 0.0, 'T': 0.031156}","{'A': 0.209949, 'C': 0.0, 'G': 0.785674, 'T': 0.004377}","{'A': 0.077849, 'C': 0.044387, 'G': 0.0, 'T': 0.877765}","{'A': 0.183239, 'C': 0.075694, 'G': 0.695044, 'T': 0.046023}","{'A': 0.056621, 'C': 0.065923, 'G': 0.699929, 'T': 0.177527}",,,,,,0
44,ATGGCTGAC,GTCAGCCAT,known-BACH2,2547,2555,-0.19849303003885851,9,"{'A': 0.64186, 'C': 0.254482, 'G': 0.08794, 'T': 0.015718}","{'A': 0.0, 'C': 0.078796, 'G': 0.024576, 'T': 0.896628}","{'A': 0.214671, 'C': 0.012316, 'G': 0.76621, 'T': 0.006803}","{'A': 0.274252, 'C': 0.010585, 'G': 0.70601, 'T': 0.009154}","{'A': 0.001809, 'C': 0.977713, 'G': 0.017149, 'T': 0.003329}","{'A': 0.085792, 'C': 0.03747, 'G': 0.017395, 'T': 0.859342}","{'A': 0.079047, 'C': 0.837125, 'G': 0.072541, 'T': 0.011287}","{'A': 0.946945, 'C': 0.032999, 'G': 0.020056, 'T': 0.0}","{'A': 0.0, 'C': 0.910051, 'G': 0.005066, 'T': 0.084882}",,,,,,0
45,CAGGCCCAG,CTGGGCCTG,CAMGMCCAG,2083,2091,-0.19913216170861145,9,"{'A': 0.009011, 'C': 0.990989, 'G': 0.0, 'T': 0.0}","{'A': 0.842961, 'C': 0.005297, 'G': 0.151742, 'T': 0.0}","{'A': 0.488511, 'C': 0.239412, 'G': 0.075863, 'T': 0.196214}","{'A': 0.016636, 'C': 0.014682, 'G': 0.968682, 'T': 0.0}","{'A': 0.491958, 'C': 0.476414, 'G': 0.028554, 'T': 0.003074}","{'A': 0.000877, 'C': 0.959033, 'G': 0.007893, 'T': 0.032197}","{'A': 0.0, 'C': 0.998181, 'G': 0.001819, 'T': 0.0}","{'A': 0.957066, 'C': 0.035377, 'G': 0.003194, 'T': 0.004364}","{'A': 0.050173, 'C': 0.067533, 'G': 0.602218, 'T': 0.280075}",,,,,,0
46,CAGGCCCAG,CTGGGCCTG,CAMGMCCAG,1384,1392,-0.19913216170861145,9,"{'A': 0.009011, 'C': 0.990989, 'G': 0.0, 'T': 0.0}","{'A': 0.842961, 'C': 0.005297, 'G': 0.151742, 'T': 0.0}","{'A': 0.488511, 'C': 0.239412, 'G': 0.075863, 'T': 0.196214}","{'A': 0.016636, 'C': 0.014682, 'G': 0.968682, 'T': 0.0}","{'A': 0.491958, 'C': 0.476414, 'G': 0.028554, 'T': 0.003074}","{'A': 0.000877, 'C': 0.959033, 'G': 0.007893, 'T': 0.032197}","{'A': 0.0, 'C': 0.998181, 'G': 0.001819, 'T': 0.0}","{'A': 0.957066, 'C': 0.035377, 'G': 0.003194, 'T': 0.004364}","{'A': 0.050173, 'C': 0.067533, 'G': 0.602218, 'T': 0.280075}",,,,,,0
47,GGGCATGGA,TCCATGCCC,ACCVKGCCC,2783,2791,-0.19928634241375934,9,"{'A': 0.801096, 'C': 0.059149, 'G': 0.059871, 'T': 0.079884}","{'A': 0.028653, 'C': 0.928407, 'G': 0.012181, 'T': 0.03076}","{'A': 0.011263, 'C': 0.907647, 'G': 0.009004, 'T': 0.072086}","{'A': 0.575651, 'C': 0.188981, 'G': 0.194077, 'T': 0.041292}","{'A': 0.014719, 'C': 0.141008, 'G': 0.217579, 'T': 0.626694}","{'A': 0.006303, 'C': 0.0275, 'G': 0.921743, 'T': 0.044453}","{'A': 0.031978, 'C': 0.926304, 'G': 0.034099, 'T': 0.007619}","{'A': 0.012713, 'C': 0.948841, 'G': 0.01036, 'T': 0.028086}","{'A': 0.100372, 'C': 0.817591, 'G': 0.001329, 'T': 0.080708}",,,,,,0
48,TTCAGCGG,CCGCTGAA,TYSMKCGS,1575,1582,-0.19972732695331186,8,"{'A': 0.001, 'C': 0.001, 'G': 0.001, 'T': 0.997}","{'A': 0.06, 'C': 0.262, 'G': 0.001, 'T': 0.677}","{'A': 0.063, 'C': 0.487, 'G': 0.389, 'T': 0.061}","{'A': 0.524, 'C': 0.474, 'G': 0.001, 'T': 0.001}","{'A': 0.001, 'C': 0.032, 'G': 0.4, 'T': 0.567}","{'A': 0.001, 'C': 0.997, 'G': 0.001, 'T': 0.001}","{'A': 0.001, 'C': 0.001, 'G': 0.777, 'T': 0.221}","{'A': 0.001, 'C': 0.525, 'G': 0.473, 'T': 0.001}",,,,,,,0
49,AGCTGGAGT,ACTCCAGCT,ACTCCWGCC,2509,2517,-0.20063230304276908,9,"{'A': 0.752104, 'C': 0.06233, 'G': 0.012839, 'T': 0.172726}","{'A': 0.010513, 'C': 0.83877, 'G': 0.144938, 'T': 0.005779}","{'A': 0.148032, 'C': 0.012777, 'G': 0.030367, 'T': 0.808824}","{'A': 0.004668, 'C': 0.889492, 'G': 0.101587, 'T': 0.004254}","{'A': 0.064096, 'C': 0.920496, 'G': 0.001897, 'T': 0.013511}","{'A': 0.566149, 'C': 0.084299, 'G': 0.034022, 'T': 0.31553}","{'A': 0.05657, 'C': 0.043741, 'G': 0.797812, 'T': 0.101877}","{'A': 0.120475, 'C': 0.843676, 'G': 0.021386, 'T': 0.014463}","{'A': 0.018197, 'C': 0.87618, 'G': 0.007366, 'T': 0.098257}",,,,,,0
50,ACACTACTA,TAGTAGTGT,CAGTAGTGG,1312,1320,-0.20290718658525592,9,"{'A': 0.026779, 'C': 0.728328, 'G': 0.0, 'T': 0.244892}","{'A': 0.929755, 'C': 0.005234, 'G': 0.0, 'T': 0.065011}","{'A': 0.018109, 'C': 0.0, 'G': 0.981891, 'T': 0.0}","{'A': 0.060273, 'C': 0.029574, 'G': 0.074068, 'T': 0.836086}","{'A': 0.938168, 'C': 0.030676, 'G': 0.0, 'T': 0.031156}","{'A': 0.209949, 'C': 0.0, 'G': 0.785674, 'T': 0.004377}","{'A': 0.077849, 'C': 0.044387, 'G': 0.0, 'T': 0.877765}","{'A': 0.183239, 'C': 0.075694, 'G': 0.695044, 'T': 0.046023}","{'A': 0.056621, 'C': 0.065923, 'G': 0.699929, 'T': 0.177527}",,,,,,0
51,TGACTTCAAG,CTTGAAGTCA,CTTGAACTCA,2474,2483,-0.20322760541903134,10,"{'A': 0.002869, 'C': 0.990824, 'G': 0.001116, 'T': 0.005191}","{'A': 0.020151, 'C': 0.044371, 'G': 0.005285, 'T': 0.930194}","{'A': 0.197719, 'C': 0.0, 'G': 0.090187, 'T': 0.712094}","{'A': 0.017358, 'C': 0.000834, 'G': 0.981808, 'T': 0.0}","{'A': 0.930471, 'C': 0.069529, 'G': 0.0, 'T': 0.0}","{'A': 0.968038, 'C': 0.008557, 'G': 0.012962, 'T': 0.010443}","{'A': 0.008824, 'C': 0.968232, 'G': 0.022944, 'T': 0.0}","{'A': 0.007875, 'C': 0.160658, 'G': 0.020402, 'T': 0.811066}","{'A': 0.05029, 'C': 0.946827, 'G': 0.0, 'T': 0.002883}","{'A': 0.907818, 'C': 0.064028, 'G': 0.02102, 'T': 0.007135}",,,,,0
52,CCTGCTGTT,AACAGCAGG,ARCAGCATG,516,524,-0.20360588458998163,9,"{'A': 0.68718, 'C': 0.069246, 'G': 0.028211, 'T': 0.215363}","{'A': 0.705775, 'C': 0.067281, 'G': 0.214609, 'T': 0.012334}","{'A': 0.039539, 'C': 0.921262, 'G': 0.009508, 'T': 0.02969}","{'A': 0.92657, 'C': 0.036184, 'G': 0.013443, 'T': 0.023802}","{'A': 0.040626, 'C': 0.030872, 'G': 0.890691, 'T': 0.037811}","{'A': 0.099444, 'C': 0.819224, 'G': 0.01013, 'T': 0.071202}","{'A': 0.94477, 'C': 0.031773, 'G': 0.022869, 'T': 0.000588}","{'A': 0.179461, 'C': 0.031567, 'G': 0.0742, 'T': 0.714771}","{'A': 0.128391, 'C': 0.041096, 'G': 0.694527, 'T': 0.135986}",,,,,,0
53,GCCAGAGCAT,ATGCTCTGGC,GCCAGAGAAB,586,595,-0.20375569972027133,10,"{'A': 0.051053, 'C': 0.197363, 'G': 0.625177, 'T': 0.126407}","{'A': 0.039485, 'C': 0.763531, 'G': 0.156012, 'T': 0.040972}","{'A': 0.006905, 'C': 0.969446, 'G': 0.008541, 'T': 0.015108}","{'A': 0.802623, 'C': 0.040677, 'G': 0.038195, 'T': 0.118505}","{'A': 0.007781, 'C': 0.026845, 'G': 0.963638, 'T': 0.001735}","{'A': 0.799238, 'C': 0.032691, 'G': 0.146091, 'T': 0.02198}","{'A': 0.159129, 'C': 0.012711, 'G': 0.806727, 'T': 0.021433}","{'A': 0.737959, 'C': 0.136149, 'G': 0.117787, 'T': 0.008105}","{'A': 0.764403, 'C': 0.15844, 'G': 0.042706, 'T': 0.034452}","{'A': 0.110703, 'C': 0.313413, 'G': 0.194006, 'T': 0.381878}",,,,,0
54,CGGCGGCGC,GCGCCGCCG,known-TEAD2,1772,1780,-0.2066454562977348,9,"{'A': 0.014051, 'C': 0.842671, 'G': 0.08023, 'T': 0.063048}","{'A': 0.10171, 'C': 0.702577, 'G': 0.108435, 'T': 0.087279}","{'A': 0.021102, 'C': 0.023001, 'G': 0.875985, 'T': 0.079912}","{'A': 0.051884, 'C': 0.835202, 'G': 0.068869, 'T': 0.044044}","{'A': 0.141042, 'C': 0.637688, 'G': 0.113762, 'T': 0.107509}","{'A': 0.017441, 'C': 0.09362, 'G': 0.840563, 'T': 0.048376}","{'A': 0.033106, 'C': 0.871055, 'G': 0.080911, 'T': 0.014928}","{'A': 0.032873, 'C': 0.82108, 'G': 0.053395, 'T': 0.092652}","{'A': 0.053356, 'C': 0.039728, 'G': 0.873499, 'T': 0.033417}",,,,,,0
55,GCTGCTGA,TCAGCAGC,GCDGSYKM,1526,1533,-0.20709191076403943,8,"{'A': 0.001, 'C': 0.001, 'G': 0.997, 'T': 0.001}","{'A': 0.001, 'C': 0.997, 'G': 0.001, 'T': 0.001}","{'A': 0.38, 'C': 0.033, 'G': 0.187, 'T': 0.4}","{'A': 0.229, 'C': 0.038, 'G': 0.633, 'T': 0.1}","{'A': 0.001, 'C': 0.728, 'G': 0.27, 'T': 0.001}","{'A': 0.001, 'C': 0.566, 'G': 0.001, 'T': 0.432}","{'A': 0.132, 'C': 0.077, 'G': 0.447, 'T': 0.344}","{'A': 0.623, 'C': 0.239, 'G': 0.136, 'T': 0.002}",,,,,,,0
56,TGCCCACCA,TGGTGGGCA,AGGTGGSCA,675,683,-0.20850791434913785,9,"{'A': 0.751458, 'C': 0.144521, 'G': 0.049311, 'T': 0.054709}","{'A': 0.203972, 'C': 0.012965, 'G': 0.735013, 'T': 0.048051}","{'A': 0.076153, 'C': 0.043179, 'G': 0.87468, 'T': 0.005988}","{'A': 0.04765, 'C': 0.014548, 'G': 0.0, 'T': 0.937803}","{'A': 0.012967, 'C': 0.0, 'G': 0.987033, 'T': 0.0}","{'A': 0.044054, 'C': 0.145974, 'G': 0.807533, 'T': 0.002439}","{'A': 0.037516, 'C': 0.260611, 'G': 0.66613, 'T': 0.035743}","{'A': 0.070483, 'C': 0.758688, 'G': 0.017916, 'T': 0.152914}","{'A': 1.0, 'C': 0.0, 'G': 0.0, 'T': 0.0}",,,,,,0
57,CAAGGCTAG,CTAGCCTTG,CAAGRCCMG,1538,1546,-0.21038759607203167,9,"{'A': 0.0, 'C': 0.97319, 'G': 0.025861, 'T': 0.000949}","{'A': 0.85921, 'C': 0.103236, 'G': 0.015235, 'T': 0.022318}","{'A': 0.813436, 'C': 0.011202, 'G': 0.151298, 'T': 0.024064}","{'A': 0.075533, 'C': 0.014522, 'G': 0.90576, 'T': 0.004185}","{'A': 0.593552, 'C': 0.016657, 'G': 0.360994, 'T': 0.028797}","{'A': 0.099484, 'C': 0.816486, 'G': 0.014887, 'T': 0.069142}","{'A': 0.001393, 'C': 0.877802, 'G': 0.009614, 'T': 0.111192}","{'A': 0.693861, 'C': 0.254521, 'G': 0.015684, 'T': 0.035935}","{'A': 0.024781, 'C': 0.030741, 'G': 0.912186, 'T': 0.032292}",,,,,,0
58,GCGAGGGCG,CGCCCTCGC,CGCGCTCGC,2182,2190,-0.21102084905380586,9,"{'A': 0.162017, 'C': 0.791417, 'G': 0.033409, 'T': 0.013157}","{'A': 0.179795, 'C': 0.033827, 'G': 0.739809, 'T': 0.046569}","{'A': 0.003278, 'C': 0.936869, 'G': 0.012896, 'T': 0.046956}","{'A': 0.167143, 'C': 0.066605, 'G': 0.742575, 'T': 0.023676}","{'A': 0.066235, 'C': 0.901889, 'G': 0.02392, 'T': 0.007956}","{'A': 0.093024, 'C': 0.062036, 'G': 0.0, 'T': 0.84494}","{'A': 0.002727, 'C': 0.59365, 'G': 0.191516, 'T': 0.212108}","{'A': 0.135146, 'C': 0.023981, 'G': 0.825204, 'T': 0.015669}","{'A': 0.016663, 'C': 0.924764, 'G': 0.05171, 'T': 0.006863}",,,,,,0
59,GCGAGGGCG,CGCCCTCGC,CGCGCTCGC,2188,2196,-0.21102084905380586,9,"{'A': 0.162017, 'C': 0.791417, 'G': 0.033409, 'T': 0.013157}","{'A': 0.179795, 'C': 0.033827, 'G': 0.739809, 'T': 0.046569}","{'A': 0.003278, 'C': 0.936869, 'G': 0.012896, 'T': 0.046956}","{'A': 0.167143, 'C': 0.066605, 'G': 0.742575, 'T': 0.023676}","{'A': 0.066235, 'C': 0.901889, 'G': 0.02392, 'T': 0.007956}","{'A': 0.093024, 'C': 0.062036, 'G': 0.0, 'T': 0.84494}","{'A': 0.002727, 'C': 0.59365, 'G': 0.191516, 'T': 0.212108}","{'A': 0.135146, 'C': 0.023981, 'G': 0.825204, 'T': 0.015669}","{'A': 0.016663, 'C': 0.924764, 'G': 0.05171, 'T': 0.006863}",,,,,,0
60,GAGGAGGAG,CTCCTCCTC,CYCCACCTC,1068,1076,-0.21134743480614732,9,"{'A': 0.052945, 'C': 0.805538, 'G': 0.032996, 'T': 0.108521}","{'A': 0.018825, 'C': 0.252624, 'G': 0.01489, 'T': 0.713661}","{'A': 0.004771, 'C': 0.844446, 'G': 0.062182, 'T': 0.088601}","{'A': 0.116622, 'C': 0.827359, 'G': 0.010516, 'T': 0.045503}","{'A': 0.774478, 'C': 0.155157, 'G': 0.010947, 'T': 0.059417}","{'A': 0.110784, 'C': 0.756097, 'G': 0.097414, 'T': 0.035706}","{'A': 0.026688, 'C': 0.935549, 'G': 0.015843, 'T': 0.02192}","{'A': 0.070393, 'C': 0.051779, 'G': 0.00836, 'T': 0.869467}","{'A': 0.000852, 'C': 0.853535, 'G': 0.110641, 'T': 0.034972}",,,,,,0
61,CAAGGACAG,CTGTCCTTG,CAAGRCCMG,1895,1903,-0.2122623160175409,9,"{'A': 0.0, 'C': 0.97319, 'G': 0.025861, 'T': 0.000949}","{'A': 0.85921, 'C': 0.103236, 'G': 0.015235, 'T': 0.022318}","{'A': 0.813436, 'C': 0.011202, 'G': 0.151298, 'T': 0.024064}","{'A': 0.075533, 'C': 0.014522, 'G': 0.90576, 'T': 0.004185}","{'A': 0.593552, 'C': 0.016657, 'G': 0.360994, 'T': 0.028797}","{'A': 0.099484, 'C': 0.816486, 'G': 0.014887, 'T': 0.069142}","{'A': 0.001393, 'C': 0.877802, 'G': 0.009614, 'T': 0.111192}","{'A': 0.693861, 'C': 0.254521, 'G': 0.015684, 'T': 0.035935}","{'A': 0.024781, 'C': 0.030741, 'G': 0.912186, 'T': 0.032292}",,,,,,0
62,AGTGCGCT,AGCGCACT,CGCGSAYT,2029,2036,-0.2125892184273921,8,"{'A': 0.257, 'C': 0.741, 'G': 0.001, 'T': 0.001}","{'A': 0.053, 'C': 0.049, 'G': 0.897, 'T': 0.001}","{'A': 0.001, 'C': 0.913, 'G': 0.001, 'T': 0.085}","{'A': 0.207, 'C': 0.001, 'G': 0.791, 'T': 0.001}","{'A': 0.052, 'C': 0.691, 'G': 0.256, 'T': 0.001}","{'A': 0.656, 'C': 0.107, 'G': 0.119, 'T': 0.118}","{'A': 0.058, 'C': 0.308, 'G': 0.033, 'T': 0.601}","{'A': 0.141, 'C': 0.001, 'G': 0.001, 'T': 0.857}",,,,,,,0
63,TCCTGAGAA,TTCTCAGGA,YACWCAGGA,122,130,-0.2131324760919756,9,"{'A': 0.070386, 'C': 0.211621, 'G': 0.096985, 'T': 0.621008}","{'A': 0.758341, 'C': 0.094084, 'G': 0.041109, 'T': 0.106467}","{'A': 0.001443, 'C': 0.790398, 'G': 0.175538, 'T': 0.032621}","{'A': 0.37677, 'C': 0.033089, 'G': 0.001126, 'T': 0.589014}","{'A': 0.011549, 'C': 0.843046, 'G': 0.131206, 'T': 0.014199}","{'A': 0.885558, 'C': 0.002594, 'G': 0.067255, 'T': 0.044594}","{'A': 0.066654, 'C': 0.02781, 'G': 0.879625, 'T': 0.02591}","{'A': 0.187182, 'C': 0.102289, 'G': 0.682089, 'T': 0.02844}","{'A': 0.875623, 'C': 0.031065, 'G': 0.074639, 'T': 0.018673}",,,,,,0
64,GCCATGCCC,GGGCATGGC,ACCVKGCCC,671,679,-0.2132022636310834,9,"{'A': 0.801096, 'C': 0.059149, 'G': 0.059871, 'T': 0.079884}","{'A': 0.028653, 'C': 0.928407, 'G': 0.012181, 'T': 0.03076}","{'A': 0.011263, 'C': 0.907647, 'G': 0.009004, 'T': 0.072086}","{'A': 0.575651, 'C': 0.188981, 'G': 0.194077, 'T': 0.041292}","{'A': 0.014719, 'C': 0.141008, 'G': 0.217579, 'T': 0.626694}","{'A': 0.006303, 'C': 0.0275, 'G': 0.921743, 'T': 0.044453}","{'A': 0.031978, 'C': 0.926304, 'G': 0.034099, 'T': 0.007619}","{'A': 0.012713, 'C': 0.948841, 'G': 0.01036, 'T': 0.028086}","{'A': 0.100372, 'C': 0.817591, 'G': 0.001329, 'T': 0.080708}",,,,,,0
65,GTTACCCAGAC,GTCTGGGTAAC,RCCTGGSTRAC,2308,2318,-0.21506037701209912,11,"{'A': 0.335149, 'C': 0.13556, 'G': 0.494468, 'T': 0.034823}","{'A': 0.001192, 'C': 0.934067, 'G': 0.009882, 'T': 0.054858}","{'A': 0.001827, 'C': 0.914268, 'G': 0.006923, 'T': 0.076982}","{'A': 0.001446, 'C': 0.005772, 'G': 0.001485, 'T': 0.991298}","{'A': 0.012284, 'C': 0.001955, 'G': 0.98515, 'T': 0.000612}","{'A': 0.003248, 'C': 0.0, 'G': 0.994847, 'T': 0.001905}","{'A': 0.014219, 'C': 0.574727, 'G': 0.410452, 'T': 0.000602}","{'A': 0.007006, 'C': 0.164559, 'G': 0.005908, 'T': 0.822528}","{'A': 0.737805, 'C': 0.071637, 'G': 0.190558, 'T': 0.0}","{'A': 0.975142, 'C': 0.017049, 'G': 0.002375, 'T': 0.005434}","{'A': 0.0, 'C': 0.736205, 'G': 0.0, 'T': 0.263795}",,,,0
66,GCGGCAGC,GCTGCCGC,KCRGCHGC,484,491,-0.21608899054965752,8,"{'A': 0.003, 'C': 0.104, 'G': 0.347, 'T': 0.546}","{'A': 0.045, 'C': 0.702, 'G': 0.002, 'T': 0.251}","{'A': 0.366, 'C': 0.001, 'G': 0.632, 'T': 0.001}","{'A': 0.279, 'C': 0.044, 'G': 0.676, 'T': 0.001}","{'A': 0.137, 'C': 0.802, 'G': 0.06, 'T': 0.001}","{'A': 0.33, 'C': 0.147, 'G': 0.001, 'T': 0.522}","{'A': 0.001, 'C': 0.165, 'G': 0.833, 'T': 0.001}","{'A': 0.107, 'C': 0.814, 'G': 0.001, 'T': 0.078}",,,,,,,0
67,GCGGCAGC,GCTGCCGC,KCRGCHGC,166,173,-0.21608899054965752,8,"{'A': 0.003, 'C': 0.104, 'G': 0.347, 'T': 0.546}","{'A': 0.045, 'C': 0.702, 'G': 0.002, 'T': 0.251}","{'A': 0.366, 'C': 0.001, 'G': 0.632, 'T': 0.001}","{'A': 0.279, 'C': 0.044, 'G': 0.676, 'T': 0.001}","{'A': 0.137, 'C': 0.802, 'G': 0.06, 'T': 0.001}","{'A': 0.33, 'C': 0.147, 'G': 0.001, 'T': 0.522}","{'A': 0.001, 'C': 0.165, 'G': 0.833, 'T': 0.001}","{'A': 0.107, 'C': 0.814, 'G': 0.001, 'T': 0.078}",,,,,,,0
68,GCGGCAGC,GCTGCCGC,KCRGCHGC,46,53,-0.21608899054965752,8,"{'A': 0.003, 'C': 0.104, 'G': 0.347, 'T': 0.546}","{'A': 0.045, 'C': 0.702, 'G': 0.002, 'T': 0.251}","{'A': 0.366, 'C': 0.001, 'G': 0.632, 'T': 0.001}","{'A': 0.279, 'C': 0.044, 'G': 0.676, 'T': 0.001}","{'A': 0.137, 'C': 0.802, 'G': 0.06, 'T': 0.001}","{'A': 0.33, 'C': 0.147, 'G': 0.001, 'T': 0.522}","{'A': 0.001, 'C': 0.165, 'G': 0.833, 'T': 0.001}","{'A': 0.107, 'C': 0.814, 'G': 0.001, 'T': 0.078}",,,,,,,0
69,GCGGCAGC,GCTGCCGC,KCRGCHGC,1585,1592,-0.21608899054965752,8,"{'A': 0.003, 'C': 0.104, 'G': 0.347, 'T': 0.546}","{'A': 0.045, 'C': 0.702, 'G': 0.002, 'T': 0.251}","{'A': 0.366, 'C': 0.001, 'G': 0.632, 'T': 0.001}","{'A': 0.279, 'C': 0.044, 'G': 0.676, 'T': 0.001}","{'A': 0.137, 'C': 0.802, 'G': 0.06, 'T': 0.001}","{'A': 0.33, 'C': 0.147, 'G': 0.001, 'T': 0.522}","{'A': 0.001, 'C': 0.165, 'G': 0.833, 'T': 0.001}","{'A': 0.107, 'C': 0.814, 'G': 0.001, 'T': 0.078}",,,,,,,0
70,GCGGCAGC,GCTGCCGC,KCRGCHGC,1579,1586,-0.21608899054965752,8,"{'A': 0.003, 'C': 0.104, 'G': 0.347, 'T': 0.546}","{'A': 0.045, 'C': 0.702, 'G': 0.002, 'T': 0.251}","{'A': 0.366, 'C': 0.001, 'G': 0.632, 'T': 0.001}","{'A': 0.279, 'C': 0.044, 'G': 0.676, 'T': 0.001}","{'A': 0.137, 'C': 0.802, 'G': 0.06, 'T': 0.001}","{'A': 0.33, 'C': 0.147, 'G': 0.001, 'T': 0.522}","{'A': 0.001, 'C': 0.165, 'G': 0.833, 'T': 0.001}","{'A': 0.107, 'C': 0.814, 'G': 0.001, 'T': 0.078}",,,,,,,0
71,TACAGCAAG,CTTGCTGTA,ARCAGCATG,1224,1232,-0.21697624466457385,9,"{'A': 0.68718, 'C': 0.069246, 'G': 0.028211, 'T': 0.215363}","{'A': 0.705775, 'C': 0.067281, 'G': 0.214609, 'T': 0.012334}","{'A': 0.039539, 'C': 0.921262, 'G': 0.009508, 'T': 0.02969}","{'A': 0.92657, 'C': 0.036184, 'G': 0.013443, 'T': 0.023802}","{'A': 0.040626, 'C': 0.030872, 'G': 0.890691, 'T': 0.037811}","{'A': 0.099444, 'C': 0.819224, 'G': 0.01013, 'T': 0.071202}","{'A': 0.94477, 'C': 0.031773, 'G': 0.022869, 'T': 0.000588}","{'A': 0.179461, 'C': 0.031567, 'G': 0.0742, 'T': 0.714771}","{'A': 0.128391, 'C': 0.041096, 'G': 0.694527, 'T': 0.135986}",,,,,,0
72,ATTGAGCCA,TGGCTCAAT,ATKGCGSCA,645,653,-0.21728870241299114,9,"{'A': 0.9319, 'C': 0.008078, 'G': 0.060022, 'T': 0.0}","{'A': 0.009252, 'C': 0.091815, 'G': 0.053487, 'T': 0.845446}","{'A': 0.016939, 'C': 0.004767, 'G': 0.340856, 'T': 0.637437}","{'A': 0.028737, 'C': 0.013866, 'G': 0.945584, 'T': 0.011813}","{'A': 0.041484, 'C': 0.876453, 'G': 0.025141, 'T': 0.056923}","{'A': 0.0674, 'C': 0.009927, 'G': 0.879723, 'T': 0.04295}","{'A': 0.004982, 'C': 0.679795, 'G': 0.299162, 'T': 0.01606}","{'A': 0.024228, 'C': 0.970937, 'G': 0.0, 'T': 0.004835}","{'A': 0.968308, 'C': 0.003645, 'G': 0.028047, 'T': 0.0}",,,,,,0
73,GCCAGAGGAC,GTCCTCTGGC,GCCAGAGAAB,1124,1133,-0.21862817253243289,10,"{'A': 0.051053, 'C': 0.197363, 'G': 0.625177, 'T': 0.126407}","{'A': 0.039485, 'C': 0.763531, 'G': 0.156012, 'T': 0.040972}","{'A': 0.006905, 'C': 0.969446, 'G': 0.008541, 'T': 0.015108}","{'A': 0.802623, 'C': 0.040677, 'G': 0.038195, 'T': 0.118505}","{'A': 0.007781, 'C': 0.026845, 'G': 0.963638, 'T': 0.001735}","{'A': 0.799238, 'C': 0.032691, 'G': 0.146091, 'T': 0.02198}","{'A': 0.159129, 'C': 0.012711, 'G': 0.806727, 'T': 0.021433}","{'A': 0.737959, 'C': 0.136149, 'G': 0.117787, 'T': 0.008105}","{'A': 0.764403, 'C': 0.15844, 'G': 0.042706, 'T': 0.034452}","{'A': 0.110703, 'C': 0.313413, 'G': 0.194006, 'T': 0.381878}",,,,,0
74,TTACGGCG,CGCCGTAA,TTACSTCG,2285,2292,-0.2200736401014563,8,"{'A': 0.001, 'C': 0.001, 'G': 0.001, 'T': 0.997}","{'A': 0.001, 'C': 0.001, 'G': 0.001, 'T': 0.997}","{'A': 0.985, 'C': 0.006, 'G': 0.002, 'T': 0.007}","{'A': 0.237, 'C': 0.761, 'G': 0.001, 'T': 0.001}","{'A': 0.049, 'C': 0.358, 'G': 0.404, 'T': 0.188}","{'A': 0.074, 'C': 0.02, 'G': 0.058, 'T': 0.848}","{'A': 0.001, 'C': 0.997, 'G': 0.001, 'T': 0.001}","{'A': 0.001, 'C': 0.001, 'G': 0.997, 'T': 0.001}",,,,,,,0
75,GCCTGGGCGAC,GTCGCCCAGGC,RCCTGGSTRAC,1432,1442,-0.22011541341999116,11,"{'A': 0.335149, 'C': 0.13556, 'G': 0.494468, 'T': 0.034823}","{'A': 0.001192, 'C': 0.934067, 'G': 0.009882, 'T': 0.054858}","{'A': 0.001827, 'C': 0.914268, 'G': 0.006923, 'T': 0.076982}","{'A': 0.001446, 'C': 0.005772, 'G': 0.001485, 'T': 0.991298}","{'A': 0.012284, 'C': 0.001955, 'G': 0.98515, 'T': 0.000612}","{'A': 0.003248, 'C': 0.0, 'G': 0.994847, 'T': 0.001905}","{'A': 0.014219, 'C': 0.574727, 'G': 0.410452, 'T': 0.000602}","{'A': 0.007006, 'C': 0.164559, 'G': 0.005908, 'T': 0.822528}","{'A': 0.737805, 'C': 0.071637, 'G': 0.190558, 'T': 0.0}","{'A': 0.975142, 'C': 0.017049, 'G': 0.002375, 'T': 0.005434}","{'A': 0.0, 'C': 0.736205, 'G': 0.0, 'T': 0.263795}",,,,0
76,CGGCGGCTA,TAGCCGCCG,CGGCGGCTC,299,307,-0.22065330797012994,9,"{'A': 0.0, 'C': 0.927767, 'G': 0.056931, 'T': 0.015302}","{'A': 0.29043, 'C': 0.043544, 'G': 0.632175, 'T': 0.033851}","{'A': 0.091279, 'C': 0.03249, 'G': 0.800759, 'T': 0.075472}","{'A': 0.145403, 'C': 0.757228, 'G': 0.052929, 'T': 0.044439}","{'A': 0.078214, 'C': 0.146897, 'G': 0.721948, 'T': 0.052941}","{'A': 0.068444, 'C': 0.10605, 'G': 0.67777, 'T': 0.147736}","{'A': 0.024167, 'C': 0.937673, 'G': 0.03102, 'T': 0.00714}","{'A': 0.044044, 'C': 0.048702, 'G': 0.014047, 'T': 0.893207}","{'A': 0.07088, 'C': 0.899363, 'G': 0.025364, 'T': 0.004393}",,,,,,0
77,TGAGCAGCG,CGCTGCTCA,CGCCGCGCA,493,501,-0.22482780374154426,9,"{'A': 0.035115, 'C': 0.85571, 'G': 0.084446, 'T': 0.024729}","{'A': 0.042812, 'C': 0.030232, 'G': 0.770928, 'T': 0.156029}","{'A': 0.016206, 'C': 0.928444, 'G': 0.044347, 'T': 0.011003}","{'A': 0.03118, 'C': 0.755943, 'G': 0.032373, 'T': 0.180504}","{'A': 0.117113, 'C': 0.016862, 'G': 0.813609, 'T': 0.052417}","{'A': 0.158108, 'C': 0.69255, 'G': 0.041844, 'T': 0.107498}","{'A': 0.016809, 'C': 0.020861, 'G': 0.759335, 'T': 0.202996}","{'A': 0.029514, 'C': 0.870239, 'G': 0.013659, 'T': 0.086588}","{'A': 0.860942, 'C': 0.097499, 'G': 0.0, 'T': 0.041559}",,,,,,0
78,GCGGCAAG,CTTGCCGC,SCGSMRAS,949,956,-0.22547068266291798,8,"{'A': 0.001, 'C': 0.636, 'G': 0.362, 'T': 0.001}","{'A': 0.001, 'C': 0.794, 'G': 0.204, 'T': 0.001}","{'A': 0.001, 'C': 0.001, 'G': 0.997, 'T': 0.001}","{'A': 0.001, 'C': 0.507, 'G': 0.491, 'T': 0.001}","{'A': 0.532, 'C': 0.466, 'G': 0.001, 'T': 0.001}","{'A': 0.464, 'C': 0.001, 'G': 0.534, 'T': 0.001}","{'A': 0.997, 'C': 0.001, 'G': 0.001, 'T': 0.001}","{'A': 0.246, 'C': 0.235, 'G': 0.518, 'T': 0.001}",,,,,,,0
79,ACTTTCCCT,AGGGAAAGT,ACTTTCACM,510,518,-0.22600761128831126,9,"{'A': 0.857959, 'C': 0.060229, 'G': 0.022878, 'T': 0.058934}","{'A': 0.135751, 'C': 0.781512, 'G': 0.0, 'T': 0.082738}","{'A': 0.02678, 'C': 0.011593, 'G': 0.014486, 'T': 0.947142}","{'A': 0.0, 'C': 0.014917, 'G': 0.004052, 'T': 0.981032}","{'A': 0.013114, 'C': 0.010172, 'G': 0.072195, 'T': 0.904519}","{'A': 0.009524, 'C': 0.973895, 'G': 0.004295, 'T': 0.012286}","{'A': 0.782983, 'C': 0.125517, 'G': 0.0, 'T': 0.0915}","{'A': 0.0, 'C': 0.818824, 'G': 0.166959, 'T': 0.014217}","{'A': 0.456121, 'C': 0.272782, 'G': 0.107186, 'T': 0.163911}",,,,,,0
80,CACCAGAGG,CCTCTGGTG,CACCTGWGG,1063,1071,-0.2260364034074456,9,"{'A': 0.00485, 'C': 0.95095, 'G': 0.014359, 'T': 0.029841}","{'A': 0.939412, 'C': 0.0, 'G': 0.013712, 'T': 0.046876}","{'A': 0.003048, 'C': 0.894863, 'G': 0.029848, 'T': 0.07224}","{'A': 0.010392, 'C': 0.964444, 'G': 0.022038, 'T': 0.003127}","{'A': 0.032162, 'C': 0.008179, 'G': 0.003714, 'T': 0.955946}","{'A': 0.0, 'C': 0.035488, 'G': 0.964512, 'T': 0.0}","{'A': 0.482672, 'C': 0.10735, 'G': 0.0, 'T': 0.409978}","{'A': 0.079828, 'C': 0.011399, 'G': 0.906983, 'T': 0.00179}","{'A': 0.046871, 'C': 0.060381, 'G': 0.882517, 'T': 0.010232}",,,,,,0
81,GCCACCACC,GGTGGTGGC,GCMACCTCC,1058,1066,-0.22633367157270223,9,"{'A': 0.082116, 'C': 0.078106, 'G': 0.839777, 'T': 0.0}","{'A': 0.003769, 'C': 0.923903, 'G': 0.020208, 'T': 0.052119}","{'A': 0.626749, 'C': 0.213018, 'G': 0.0, 'T': 0.160233}","{'A': 0.859871, 'C': 0.055759, 'G': 0.04924, 'T': 0.03513}","{'A': 0.004897, 'C': 0.829157, 'G': 0.156746, 'T': 0.009199}","{'A': 0.006235, 'C': 0.97803, 'G': 0.0, 'T': 0.015734}","{'A': 0.087924, 'C': 0.0, 'G': 0.0, 'T': 0.912076}","{'A': 0.0, 'C': 0.968157, 'G': 0.02852, 'T': 0.003322}","{'A': 0.003684, 'C': 0.936084, 'G': 0.010749, 'T': 0.049483}",,,,,,0
82,AGACTCCTG,CAGGAGTCT,AWYCTCCTG,118,126,-0.2263523399343386,9,"{'A': 0.858118, 'C': 0.0178, 'G': 0.120818, 'T': 0.003264}","{'A': 0.327001, 'C': 0.006223, 'G': 0.093332, 'T': 0.573443}","{'A': 0.148768, 'C': 0.208484, 'G': 0.01466, 'T': 0.628087}","{'A': 0.0, 'C': 0.990463, 'G': 0.006328, 'T': 0.00321}","{'A': 0.08902, 'C': 0.0, 'G': 0.013156, 'T': 0.897825}","{'A': 0.00195, 'C': 0.941058, 'G': 0.02773, 'T': 0.029262}","{'A': 0.007978, 'C': 0.972549, 'G': 0.011742, 'T': 0.007731}","{'A': 0.006038, 'C': 0.021257, 'G': 0.000911, 'T': 0.971794}","{'A': 0.021615, 'C': 0.004271, 'G': 0.974114, 'T': 0.0}",,,,,,0
83,TGCCCAGCT,AGCTGGGCA,AGGTGGSCA,690,698,-0.227255767732735,9,"{'A': 0.751458, 'C': 0.144521, 'G': 0.049311, 'T': 0.054709}","{'A': 0.203972, 'C': 0.012965, 'G': 0.735013, 'T': 0.048051}","{'A': 0.076153, 'C': 0.043179, 'G': 0.87468, 'T': 0.005988}","{'A': 0.04765, 'C': 0.014548, 'G': 0.0, 'T': 0.937803}","{'A': 0.012967, 'C': 0.0, 'G': 0.987033, 'T': 0.0}","{'A': 0.044054, 'C': 0.145974, 'G': 0.807533, 'T': 0.002439}","{'A': 0.037516, 'C': 0.260611, 'G': 0.66613, 'T': 0.035743}","{'A': 0.070483, 'C': 0.758688, 'G': 0.017916, 'T': 0.152914}","{'A': 1.0, 'C': 0.0, 'G': 0.0, 'T': 0.0}",,,,,,0
84,AGGTTCACAC,GTGTGAACCT,WGGCWCACAC,853,862,-0.2283953596895592,10,"{'A': 0.469182, 'C': 0.01255, 'G': 0.071453, 'T': 0.446815}","{'A': 0.06045, 'C': 0.141812, 'G': 0.781088, 'T': 0.016649}","{'A': 0.046323, 'C': 0.019442, 'G': 0.924858, 'T': 0.009377}","{'A': 0.005429, 'C': 0.868914, 'G': 0.081584, 'T': 0.044073}","{'A': 0.254791, 'C': 0.028801, 'G': 0.12872, 'T': 0.587689}","{'A': 0.002696, 'C': 0.981291, 'G': 0.009549, 'T': 0.006463}","{'A': 0.907947, 'C': 0.046819, 'G': 0.043178, 'T': 0.002056}","{'A': 0.0, 'C': 0.8415, 'G': 0.009874, 'T': 0.148627}","{'A': 0.803218, 'C': 0.012508, 'G': 0.175994, 'T': 0.00828}","{'A': 0.0, 'C': 0.983703, 'G': 0.013079, 'T': 0.003218}",,,,,0
85,GTTTGCGG,CCGCAAAC,SCGSMRAS,396,403,-0.22885332885577214,8,"{'A': 0.001, 'C': 0.636, 'G': 0.362, 'T': 0.001}","{'A': 0.001, 'C': 0.794, 'G': 0.204, 'T': 0.001}","{'A': 0.001, 'C': 0.001, 'G': 0.997, 'T': 0.001}","{'A': 0.001, 'C': 0.507, 'G': 0.491, 'T': 0.001}","{'A': 0.532, 'C': 0.466, 'G': 0.001, 'T': 0.001}","{'A': 0.464, 'C': 0.001, 'G': 0.534, 'T': 0.001}","{'A': 0.997, 'C': 0.001, 'G': 0.001, 'T': 0.001}","{'A': 0.246, 'C': 0.235, 'G': 0.518, 'T': 0.001}",,,,,,,0
86,GCTGAGCTG,CAGCTCAGC,known-GC,1487,1495,-0.22954496211100123,9,"{'A': 0.586362, 'C': 0.400018, 'G': 0.005401, 'T': 0.008218}","{'A': 0.945223, 'C': 0.014468, 'G': 0.02581, 'T': 0.014498}","{'A': 0.131508, 'C': 0.021703, 'G': 0.837313, 'T': 0.009476}","{'A': 0.0027, 'C': 0.985846, 'G': 0.0, 'T': 0.011454}","{'A': 0.124925, 'C': 0.043562, 'G': 0.043448, 'T': 0.788065}","{'A': 0.043357, 'C': 0.927787, 'G': 0.0108, 'T': 0.018056}","{'A': 0.060794, 'C': 0.878523, 'G': 0.01814, 'T': 0.042543}","{'A': 0.059638, 'C': 0.031216, 'G': 0.859655, 'T': 0.049492}","{'A': 0.0, 'C': 0.720426, 'G': 0.007869, 'T': 0.271705}",,,,,,0
87,GCTGAGCTG,CAGCTCAGC,known-GC,59,67,-0.22954496211100123,9,"{'A': 0.586362, 'C': 0.400018, 'G': 0.005401, 'T': 0.008218}","{'A': 0.945223, 'C': 0.014468, 'G': 0.02581, 'T': 0.014498}","{'A': 0.131508, 'C': 0.021703, 'G': 0.837313, 'T': 0.009476}","{'A': 0.0027, 'C': 0.985846, 'G': 0.0, 'T': 0.011454}","{'A': 0.124925, 'C': 0.043562, 'G': 0.043448, 'T': 0.788065}","{'A': 0.043357, 'C': 0.927787, 'G': 0.0108, 'T': 0.018056}","{'A': 0.060794, 'C': 0.878523, 'G': 0.01814, 'T': 0.042543}","{'A': 0.059638, 'C': 0.031216, 'G': 0.859655, 'T': 0.049492}","{'A': 0.0, 'C': 0.720426, 'G': 0.007869, 'T': 0.271705}",,,,,,0
88,CTCAGAGCC,GGCTCTGAG,CGCGGAGCC,1405,1413,-0.2298433604504408,9,"{'A': 0.08254, 'C': 0.827749, 'G': 0.026262, 'T': 0.063448}","{'A': 0.037055, 'C': 0.083423, 'G': 0.772645, 'T': 0.106878}","{'A': 0.03964, 'C': 0.900395, 'G': 0.036656, 'T': 0.023309}","{'A': 0.280322, 'C': 0.042609, 'G': 0.638072, 'T': 0.038997}","{'A': 0.017792, 'C': 0.061966, 'G': 0.911904, 'T': 0.008337}","{'A': 0.797481, 'C': 0.024824, 'G': 0.059554, 'T': 0.118141}","{'A': 0.006731, 'C': 0.079226, 'G': 0.899147, 'T': 0.014896}","{'A': 0.121628, 'C': 0.776947, 'G': 0.023667, 'T': 0.077758}","{'A': 0.026353, 'C': 0.752733, 'G': 0.043651, 'T': 0.177263}",,,,,,0
89,CCAAGCCAGA,TCTGGCTTGG,CCGAGYCCGM,582,591,-0.23004781254406623,10,"{'A': 0.022498, 'C': 0.934368, 'G': 0.043135, 'T': 0.0}","{'A': 0.066491, 'C': 0.827853, 'G': 0.062654, 'T': 0.043002}","{'A': 0.128965, 'C': 0.041431, 'G': 0.829603, 'T': 0.0}","{'A': 0.901531, 'C': 0.015405, 'G': 0.071018, 'T': 0.012046}","{'A': 0.0, 'C': 0.016222, 'G': 0.967232, 'T': 0.016546}","{'A': 0.003594, 'C': 0.537838, 'G': 0.025257, 'T': 0.433311}","{'A': 0.003025, 'C': 0.931171, 'G': 0.038718, 'T': 0.027087}","{'A': 0.220846, 'C': 0.749019, 'G': 0.01841, 'T': 0.011725}","{'A': 0.024935, 'C': 0.136903, 'G': 0.810224, 'T': 0.027938}","{'A': 0.642232, 'C': 0.195641, 'G': 0.129256, 'T': 0.032872}",,,,,0
90,AACCACCAC,GTGGTGGTT,AASCTCCRC,1305,1313,-0.23044302130465116,9,"{'A': 0.836637, 'C': 0.152859, 'G': 0.010289, 'T': 0.000215}","{'A': 0.900094, 'C': 0.075127, 'G': 0.021824, 'T': 0.002955}","{'A': 0.0, 'C': 0.739463, 'G': 0.257928, 'T': 0.002609}","{'A': 0.0, 'C': 0.971851, 'G': 0.019464, 'T': 0.008685}","{'A': 0.049144, 'C': 0.010971, 'G': 0.068846, 'T': 0.871038}","{'A': 0.003235, 'C': 0.95963, 'G': 0.005301, 'T': 0.031833}","{'A': 0.003231, 'C': 0.899887, 'G': 0.000528, 'T': 0.096354}","{'A': 0.373375, 'C': 0.005549, 'G': 0.617062, 'T': 0.004014}","{'A': 0.000787, 'C': 0.983477, 'G': 0.0, 'T': 0.015735}",,,,,,0
91,AGCCTGAGCC,GGCTCAGGCT,known-TFAP2A,765,774,-0.23097633430005954,10,"{'A': 0.211252, 'C': 0.365401, 'G': 0.024761, 'T': 0.398586}","{'A': 0.157295, 'C': 0.043694, 'G': 0.727558, 'T': 0.071454}","{'A': 0.025493, 'C': 0.864591, 'G': 0.056426, 'T': 0.05349}","{'A': 0.022421, 'C': 0.899089, 'G': 0.04472, 'T': 0.03377}","{'A': 0.062801, 'C': 0.040877, 'G': 0.025139, 'T': 0.871183}","{'A': 0.00218, 'C': 0.861664, 'G': 0.101239, 'T': 0.034917}","{'A': 0.605549, 'C': 0.090064, 'G': 0.150066, 'T': 0.154322}","{'A': 0.035644, 'C': 0.095609, 'G': 0.846614, 'T': 0.022133}","{'A': 0.007031, 'C': 0.961532, 'G': 0.012497, 'T': 0.01894}","{'A': 0.012856, 'C': 0.943407, 'G': 0.007167, 'T': 0.03657}",,,,,0
92,CAGGCTGGCG,CGCCAGCCTG,CMGGCGGGCS,2058,2067,-0.23100989617689427,10,"{'A': 0.025891, 'C': 0.9301, 'G': 0.034307, 'T': 0.009702}","{'A': 0.560678, 'C': 0.139884, 'G': 0.119667, 'T': 0.179771}","{'A': 0.018531, 'C': 0.147324, 'G': 0.815377, 'T': 0.018768}","{'A': 0.028088, 'C': 0.088616, 'G': 0.846308, 'T': 0.036988}","{'A': 0.042132, 'C': 0.885003, 'G': 0.034508, 'T': 0.038357}","{'A': 0.050487, 'C': 0.06421, 'G': 0.820718, 'T': 0.064585}","{'A': 0.071852, 'C': 0.134625, 'G': 0.778002, 'T': 0.015521}","{'A': 0.016213, 'C': 0.104855, 'G': 0.852864, 'T': 0.026068}","{'A': 0.060435, 'C': 0.840338, 'G': 0.051536, 'T': 0.047691}","{'A': 0.223829, 'C': 0.226825, 'G': 0.426953, 'T': 0.122393}",,,,,0
93,CAGGCTGGCG,CGCCAGCCTG,CMGGCGGGCS,1359,1368,-0.23100989617689427,10,"{'A': 0.025891, 'C': 0.9301, 'G': 0.034307, 'T': 0.009702}","{'A': 0.560678, 'C': 0.139884, 'G': 0.119667, 'T': 0.179771}","{'A': 0.018531, 'C': 0.147324, 'G': 0.815377, 'T': 0.018768}","{'A': 0.028088, 'C': 0.088616, 'G': 0.846308, 'T': 0.036988}","{'A': 0.042132, 'C': 0.885003, 'G': 0.034508, 'T': 0.038357}","{'A': 0.050487, 'C': 0.06421, 'G': 0.820718, 'T': 0.064585}","{'A': 0.071852, 'C': 0.134625, 'G': 0.778002, 'T': 0.015521}","{'A': 0.016213, 'C': 0.104855, 'G': 0.852864, 'T': 0.026068}","{'A': 0.060435, 'C': 0.840338, 'G': 0.051536, 'T': 0.047691}","{'A': 0.223829, 'C': 0.226825, 'G': 0.426953, 'T': 0.122393}",,,,,0
94,GCAACCTGC,GCAGGTTGC,GCMACCTCC,1546,1554,-0.23146648616888563,9,"{'A': 0.082116, 'C': 0.078106, 'G': 0.839777, 'T': 0.0}","{'A': 0.003769, 'C': 0.923903, 'G': 0.020208, 'T': 0.052119}","{'A': 0.626749, 'C': 0.213018, 'G': 0.0, 'T': 0.160233}","{'A': 0.859871, 'C': 0.055759, 'G': 0.04924, 'T': 0.03513}","{'A': 0.004897, 'C': 0.829157, 'G': 0.156746, 'T': 0.009199}","{'A': 0.006235, 'C': 0.97803, 'G': 0.0, 'T': 0.015734}","{'A': 0.087924, 'C': 0.0, 'G': 0.0, 'T': 0.912076}","{'A': 0.0, 'C': 0.968157, 'G': 0.02852, 'T': 0.003322}","{'A': 0.003684, 'C': 0.936084, 'G': 0.010749, 'T': 0.049483}",,,,,,0
95,ACTGGCTTC,GAAGCCAGT,ARAGCCTGT,1596,1604,-0.23423408066644769,9,"{'A': 0.841256, 'C': 0.014754, 'G': 0.134388, 'T': 0.009602}","{'A': 0.657327, 'C': 0.040348, 'G': 0.28415, 'T': 0.018175}","{'A': 0.890826, 'C': 0.044282, 'G': 0.024738, 'T': 0.040154}","{'A': 0.190525, 'C': 0.018169, 'G': 0.777755, 'T': 0.01355}","{'A': 0.006326, 'C': 0.851736, 'G': 0.091858, 'T': 0.05008}","{'A': 0.086693, 'C': 0.88698, 'G': 0.026327, 'T': 0.0}","{'A': 0.204455, 'C': 0.017057, 'G': 0.024405, 'T': 0.754083}","{'A': 0.014352, 'C': 0.049497, 'G': 0.909706, 'T': 0.026445}","{'A': 0.065505, 'C': 0.016522, 'G': 0.01141, 'T': 0.906563}",,,,,,0
96,CAAGACTCG,CGAGTCTTG,CAAGRCCMG,2408,2416,-0.2347864924894861,9,"{'A': 0.0, 'C': 0.97319, 'G': 0.025861, 'T': 0.000949}","{'A': 0.85921, 'C': 0.103236, 'G': 0.015235, 'T': 0.022318}","{'A': 0.813436, 'C': 0.011202, 'G': 0.151298, 'T': 0.024064}","{'A': 0.075533, 'C': 0.014522, 'G': 0.90576, 'T': 0.004185}","{'A': 0.593552, 'C': 0.016657, 'G': 0.360994, 'T': 0.028797}","{'A': 0.099484, 'C': 0.816486, 'G': 0.014887, 'T': 0.069142}","{'A': 0.001393, 'C': 0.877802, 'G': 0.009614, 'T': 0.111192}","{'A': 0.693861, 'C': 0.254521, 'G': 0.015684, 'T': 0.035935}","{'A': 0.024781, 'C': 0.030741, 'G': 0.912186, 'T': 0.032292}",,,,,,0
97,ACTGCGCTC,GAGCGCAGT,known-ZBTB3,286,294,-0.2370668327870137,9,"{'A': 0.755999, 'C': 0.056664, 'G': 0.056868, 'T': 0.130468}","{'A': 0.001293, 'C': 0.964327, 'G': 0.009351, 'T': 0.025029}","{'A': 0.215649, 'C': 0.033696, 'G': 0.006338, 'T': 0.744316}","{'A': 0.014481, 'C': 0.018738, 'G': 0.954246, 'T': 0.012536}","{'A': 0.020976, 'C': 0.909999, 'G': 0.022273, 'T': 0.046752}","{'A': 0.820694, 'C': 0.113914, 'G': 0.025739, 'T': 0.039653}","{'A': 0.02632, 'C': 0.936914, 'G': 0.019053, 'T': 0.017713}","{'A': 0.028415, 'C': 0.039369, 'G': 0.072322, 'T': 0.859894}","{'A': 0.007028, 'C': 0.752416, 'G': 0.040135, 'T': 0.200421}",,,,,,0
98,GTGCTCCAC,GTGGAGCAC,GTGYRCCAC,1036,1044,-0.23839453182308581,9,"{'A': 0.096816, 'C': 0.012913, 'G': 0.869961, 'T': 0.02031}","{'A': 0.027505, 'C': 0.130951, 'G': 0.00693, 'T': 0.834613}","{'A': 0.028488, 'C': 0.047124, 'G': 0.913283, 'T': 0.011105}","{'A': 0.136525, 'C': 0.516924, 'G': 0.011, 'T': 0.335551}","{'A': 0.721503, 'C': 0.029021, 'G': 0.219391, 'T': 0.030085}","{'A': 0.031354, 'C': 0.90387, 'G': 0.044981, 'T': 0.019795}","{'A': 0.130758, 'C': 0.844409, 'G': 0.020713, 'T': 0.004121}","{'A': 0.930931, 'C': 0.00397, 'G': 0.036274, 'T': 0.028826}","{'A': 0.0, 'C': 0.976126, 'G': 0.01013, 'T': 0.013745}",,,,,,0
99,GAGGAGCTG,CAGCTCCTC,known-GC,2103,2111,-0.2384223812727555,9,"{'A': 0.586362, 'C': 0.400018, 'G': 0.005401, 'T': 0.008218}","{'A': 0.945223, 'C': 0.014468, 'G': 0.02581, 'T': 0.014498}","{'A': 0.131508, 'C': 0.021703, 'G': 0.837313, 'T': 0.009476}","{'A': 0.0027, 'C': 0.985846, 'G': 0.0, 'T': 0.011454}","{'A': 0.124925, 'C': 0.043562, 'G': 0.043448, 'T': 0.788065}","{'A': 0.043357, 'C': 0.927787, 'G': 0.0108, 'T': 0.018056}","{'A': 0.060794, 'C': 0.878523, 'G': 0.01814, 'T': 0.042543}","{'A': 0.059638, 'C': 0.031216, 'G': 0.859655, 'T': 0.049492}","{'A': 0.0, 'C': 0.720426, 'G': 0.007869, 'T': 0.271705}",,,,,,0
0,GTAATTTTC,GAAAATTAC,GAAAATKAC,1144,1152,-0.07461723341986638,9,"{'A': 0.0, 'C': 0.055771, 'G': 0.918331, 'T': 0.025898}","{'A': 0.719571, 'C': 0.159841, 'G': 0.081555, 'T': 0.039034}","{'A': 0.822639, 'C': 0.011682, 'G': 0.034, 'T': 0.131679}","{'A': 0.968997, 'C': 0.0054, 'G': 0.014119, 'T': 0.011484}","{'A': 0.875048, 'C': 0.059377, 'G': 0.001935, 'T': 0.06364}","{'A': 0.019513, 'C': 0.029377, 'G': 0.008957, 'T': 0.942153}","{'A': 0.044851, 'C': 0.017645, 'G': 0.367589, 'T': 0.569916}","{'A': 0.91815, 'C': 0.028644, 'G': 0.053206, 'T': 0.0}","{'A': 0.013783, 'C': 0.937481, 'G': 0.048736, 'T': 0.0}",,,,,,1
1,GGGCATGGT,ACCATGCCC,ACCVKGCCC,620,628,-0.08803914683141952,9,"{'A': 0.801096, 'C': 0.059149, 'G': 0.059871, 'T': 0.079884}","{'A': 0.028653, 'C': 0.928407, 'G': 0.012181, 'T': 0.03076}","{'A': 0.011263, 'C': 0.907647, 'G': 0.009004, 'T': 0.072086}","{'A': 0.575651, 'C': 0.188981, 'G': 0.194077, 'T': 0.041292}","{'A': 0.014719, 'C': 0.141008, 'G': 0.217579, 'T': 0.626694}","{'A': 0.006303, 'C': 0.0275, 'G': 0.921743, 'T': 0.044453}","{'A': 0.031978, 'C': 0.926304, 'G': 0.034099, 'T': 0.007619}","{'A': 0.012713, 'C': 0.948841, 'G': 0.01036, 'T': 0.028086}","{'A': 0.100372, 'C': 0.817591, 'G': 0.001329, 'T': 0.080708}",,,,,,1
2,CTCCCGCGG,CCGCGGGAG,CCGCGGGAG,24,32,-0.0908423336616553,9,"{'A': 0.064013, 'C': 0.793841, 'G': 0.065529, 'T': 0.076616}","{'A': 0.014745, 'C': 0.912556, 'G': 0.060954, 'T': 0.011746}","{'A': 0.073034, 'C': 0.030824, 'G': 0.816772, 'T': 0.07937}","{'A': 0.017903, 'C': 0.795904, 'G': 0.041158, 'T': 0.145035}","{'A': 0.03449, 'C': 0.034584, 'G': 0.764269, 'T': 0.166657}","{'A': 0.117142, 'C': 0.02393, 'G': 0.835027, 'T': 0.023901}","{'A': 0.023763, 'C': 0.0616, 'G': 0.896573, 'T': 0.018064}","{'A': 0.7443, 'C': 0.062494, 'G': 0.069677, 'T': 0.123529}","{'A': 0.131211, 'C': 0.022245, 'G': 0.758899, 'T': 0.087645}",,,,,,1
3,GAGCGCGCG,CGCGCGCTC,CGCGCGCTC,818,826,-0.09366054354226955,9,"{'A': 0.020154, 'C': 0.725397, 'G': 0.028037, 'T': 0.226412}","{'A': 0.015831, 'C': 0.068756, 'G': 0.842289, 'T': 0.073124}","{'A': 0.015834, 'C': 0.846751, 'G': 0.061267, 'T': 0.076148}","{'A': 0.084127, 'C': 0.07272, 'G': 0.816626, 'T': 0.026528}","{'A': 0.076955, 'C': 0.79098, 'G': 0.02666, 'T': 0.105405}","{'A': 0.104692, 'C': 0.049921, 'G': 0.808573, 'T': 0.036813}","{'A': 0.025555, 'C': 0.715136, 'G': 0.121867, 'T': 0.137442}","{'A': 0.052703, 'C': 0.073877, 'G': 0.045945, 'T': 0.827475}","{'A': 0.029962, 'C': 0.897865, 'G': 0.043119, 'T': 0.029055}",,,,,,1
4,GGGGGGAG,CTCCCCCC,SSGGSGAG,530,537,-0.10847066271691314,8,"{'A': 0.064, 'C': 0.286, 'G': 0.569, 'T': 0.081}","{'A': 0.001, 'C': 0.531, 'G': 0.467, 'T': 0.001}","{'A': 0.001, 'C': 0.001, 'G': 0.997, 'T': 0.001}","{'A': 0.001, 'C': 0.001, 'G': 0.997, 'T': 0.001}","{'A': 0.001, 'C': 0.48, 'G': 0.518, 'T': 0.001}","{'A': 0.001, 'C': 0.001, 'G': 0.997, 'T': 0.001}","{'A': 0.997, 'C': 0.001, 'G': 0.001, 'T': 0.001}","{'A': 0.001, 'C': 0.001, 'G': 0.997, 'T': 0.001}",,,,,,,1
5,CGCGCCGGG,CCCGGCGCG,CCCGGCGCG,313,321,-0.10884389061311846,9,"{'A': 0.035912, 'C': 0.894451, 'G': 0.04452, 'T': 0.025117}","{'A': 0.06515, 'C': 0.716883, 'G': 0.106585, 'T': 0.111382}","{'A': 0.081651, 'C': 0.735211, 'G': 0.098336, 'T': 0.084801}","{'A': 0.052342, 'C': 0.111646, 'G': 0.732696, 'T': 0.103316}","{'A': 0.029595, 'C': 0.064284, 'G': 0.883683, 'T': 0.022438}","{'A': 0.132136, 'C': 0.689539, 'G': 0.134739, 'T': 0.043586}","{'A': 0.045219, 'C': 0.09287, 'G': 0.774816, 'T': 0.087095}","{'A': 0.044449, 'C': 0.781844, 'G': 0.117552, 'T': 0.056154}","{'A': 0.0415, 'C': 0.050166, 'G': 0.822035, 'T': 0.086299}",,,,,,1
6,CGCGCCGGG,CCCGGCGCG,CCCGGCGCG,6,14,-0.10884389061311846,9,"{'A': 0.035912, 'C': 0.894451, 'G': 0.04452, 'T': 0.025117}","{'A': 0.06515, 'C': 0.716883, 'G': 0.106585, 'T': 0.111382}","{'A': 0.081651, 'C': 0.735211, 'G': 0.098336, 'T': 0.084801}","{'A': 0.052342, 'C': 0.111646, 'G': 0.732696, 'T': 0.103316}","{'A': 0.029595, 'C': 0.064284, 'G': 0.883683, 'T': 0.022438}","{'A': 0.132136, 'C': 0.689539, 'G': 0.134739, 'T': 0.043586}","{'A': 0.045219, 'C': 0.09287, 'G': 0.774816, 'T': 0.087095}","{'A': 0.044449, 'C': 0.781844, 'G': 0.117552, 'T': 0.056154}","{'A': 0.0415, 'C': 0.050166, 'G': 0.822035, 'T': 0.086299}",,,,,,1
7,CGCGCGCCC,GGGCGCGCG,CGCSCGCCC,821,829,-0.12439769692706916,9,"{'A': 0.081056, 'C': 0.725993, 'G': 0.158031, 'T': 0.03492}","{'A': 0.045928, 'C': 0.038898, 'G': 0.885029, 'T': 0.030145}","{'A': 0.003728, 'C': 0.925425, 'G': 0.054926, 'T': 0.01592}","{'A': 0.011336, 'C': 0.623088, 'G': 0.333818, 'T': 0.031758}","{'A': 0.022273, 'C': 0.811346, 'G': 0.024253, 'T': 0.142128}","{'A': 0.032866, 'C': 0.013348, 'G': 0.913736, 'T': 0.04005}","{'A': 0.00688, 'C': 0.902792, 'G': 0.067864, 'T': 0.022464}","{'A': 0.05765, 'C': 0.705347, 'G': 0.095227, 'T': 0.141776}","{'A': 0.020467, 'C': 0.810331, 'G': 0.143942, 'T': 0.025261}",,,,,,1
8,GGGGGCGG,CCGCCCCC,known-ZFP740,768,775,-0.12664691144827062,8,"{'A': 0.001, 'C': 0.435, 'G': 0.001, 'T': 0.563}","{'A': 0.001, 'C': 0.997, 'G': 0.001, 'T': 0.001}","{'A': 0.001, 'C': 0.525, 'G': 0.432, 'T': 0.042}","{'A': 0.001, 'C': 0.997, 'G': 0.001, 'T': 0.001}","{'A': 0.001, 'C': 0.756, 'G': 0.242, 'T': 0.001}","{'A': 0.001, 'C': 0.957, 'G': 0.041, 'T': 0.001}","{'A': 0.001, 'C': 0.72, 'G': 0.278, 'T': 0.001}","{'A': 0.001, 'C': 0.997, 'G': 0.001, 'T': 0.001}",,,,,,,1
9,GGAGCGCGCG,CGCGCGCTCC,SGCGSKCTCS,817,826,-0.12708327024309757,10,"{'A': 0.022286, 'C': 0.674635, 'G': 0.280989, 'T': 0.02209}","{'A': 0.032044, 'C': 0.005257, 'G': 0.941378, 'T': 0.021321}","{'A': 0.033156, 'C': 0.927896, 'G': 0.026853, 'T': 0.012095}","{'A': 0.021195, 'C': 0.056119, 'G': 0.80751, 'T': 0.115176}","{'A': 0.118531, 'C': 0.626867, 'G': 0.218818, 'T': 0.035784}","{'A': 0.032156, 'C': 0.048655, 'G': 0.612885, 'T': 0.306305}","{'A': 0.059193, 'C': 0.905511, 'G': 0.02563, 'T': 0.009666}","{'A': 0.052376, 'C': 0.052146, 'G': 0.005856, 'T': 0.889622}","{'A': 0.006418, 'C': 0.918698, 'G': 0.058079, 'T': 0.016805}","{'A': 0.168251, 'C': 0.396151, 'G': 0.238586, 'T': 0.197012}",,,,,1
10,GCATGGTGGG,CCCACCATGC,known-ING4,622,631,-0.12786271321700676,10,"{'A': 0.270052, 'C': 0.182187, 'G': 0.500153, 'T': 0.047608}","{'A': 0.046576, 'C': 0.863629, 'G': 0.022863, 'T': 0.066932}","{'A': 0.010679, 'C': 0.971559, 'G': 0.006708, 'T': 0.011055}","{'A': 0.866505, 'C': 0.020095, 'G': 0.100047, 'T': 0.013354}","{'A': 0.009325, 'C': 0.959106, 'G': 0.022675, 'T': 0.008893}","{'A': 0.021169, 'C': 0.900016, 'G': 0.021551, 'T': 0.057264}","{'A': 0.79955, 'C': 0.076465, 'G': 0.102182, 'T': 0.021802}","{'A': 0.04604, 'C': 0.106605, 'G': 0.086593, 'T': 0.760761}","{'A': 0.040748, 'C': 0.111597, 'G': 0.800536, 'T': 0.047119}","{'A': 0.023871, 'C': 0.945576, 'G': 0.018535, 'T': 0.012018}",,,,,1
11,CAGGCGAGG,CCTCGCCTG,CCTCGCCCG,231,239,-0.129876559055569,9,"{'A': 0.172917, 'C': 0.813055, 'G': 0.0, 'T': 0.014028}","{'A': 0.131656, 'C': 0.786498, 'G': 0.028616, 'T': 0.05323}","{'A': 0.054177, 'C': 0.092655, 'G': 0.066622, 'T': 0.786545}","{'A': 0.0, 'C': 0.97266, 'G': 0.0, 'T': 0.02734}","{'A': 0.01484, 'C': 0.013102, 'G': 0.90046, 'T': 0.071598}","{'A': 0.003889, 'C': 0.925062, 'G': 0.033559, 'T': 0.037491}","{'A': 0.032409, 'C': 0.795972, 'G': 0.161451, 'T': 0.010167}","{'A': 0.01185, 'C': 0.62005, 'G': 0.093515, 'T': 0.274585}","{'A': 0.008027, 'C': 0.088246, 'G': 0.761025, 'T': 0.142703}",,,,,,1
12,CCCGCGGGCG,CGCCCGCGGG,MCCGCGGGCG,26,35,-0.13206677737255065,10,"{'A': 0.429031, 'C': 0.364091, 'G': 0.055121, 'T': 0.151757}","{'A': 0.151408, 'C': 0.763423, 'G': 0.054945, 'T': 0.030224}","{'A': 0.030876, 'C': 0.878112, 'G': 0.068499, 'T': 0.022513}","{'A': 0.149493, 'C': 0.013577, 'G': 0.816943, 'T': 0.019988}","{'A': 0.066159, 'C': 0.690069, 'G': 0.016857, 'T': 0.226915}","{'A': 0.028695, 'C': 0.023241, 'G': 0.913546, 'T': 0.034518}","{'A': 0.128715, 'C': 0.02034, 'G': 0.827689, 'T': 0.023256}","{'A': 0.137202, 'C': 0.049211, 'G': 0.748452, 'T': 0.065136}","{'A': 0.014142, 'C': 0.874212, 'G': 0.021035, 'T': 0.090612}","{'A': 0.047392, 'C': 0.052304, 'G': 0.702012, 'T': 0.198292}",,,,,1
13,CTCCGCGC,GCGCGGAG,CKCYSCGS,3,10,-0.14080003235949756,8,"{'A': 0.001, 'C': 0.997, 'G': 0.001, 'T': 0.001}","{'A': 0.001, 'C': 0.001, 'G': 0.373, 'T': 0.625}","{'A': 0.001, 'C': 0.997, 'G': 0.001, 'T': 0.001}","{'A': 0.001, 'C': 0.621, 'G': 0.001, 'T': 0.377}","{'A': 0.001, 'C': 0.554, 'G': 0.444, 'T': 0.001}","{'A': 0.001, 'C': 0.997, 'G': 0.001, 'T': 0.001}","{'A': 0.001, 'C': 0.001, 'G': 0.997, 'T': 0.001}","{'A': 0.001, 'C': 0.439, 'G': 0.559, 'T': 0.001}",,,,,,,1
14,TGCGCTCGG,CCGAGCGCA,known-MTF1,1069,1077,-0.14127636967048382,9,"{'A': 0.073231, 'C': 0.762136, 'G': 0.0, 'T': 0.164633}","{'A': 0.318974, 'C': 0.588206, 'G': 0.052859, 'T': 0.039961}","{'A': 0.0, 'C': 0.061236, 'G': 0.938764, 'T': 0.0}","{'A': 0.190887, 'C': 0.071067, 'G': 0.424151, 'T': 0.313895}","{'A': 0.008959, 'C': 0.065323, 'G': 0.925718, 'T': 0.0}","{'A': 0.020177, 'C': 0.914056, 'G': 0.0, 'T': 0.065766}","{'A': 0.030476, 'C': 0.0, 'G': 0.958952, 'T': 0.010571}","{'A': 0.0, 'C': 0.942743, 'G': 0.041728, 'T': 0.015529}","{'A': 0.870916, 'C': 0.051256, 'G': 0.0, 'T': 0.077828}",,,,,,1
15,CCCCCCTCCT,AGGAGGGGGG,known-MAZ,36,45,-0.1459965296952533,10,"{'A': 0.346, 'C': 0.001, 'G': 0.652, 'T': 0.001}","{'A': 0.097, 'C': 0.001, 'G': 0.901, 'T': 0.001}","{'A': 0.059, 'C': 0.001, 'G': 0.939, 'T': 0.001}","{'A': 0.494, 'C': 0.001, 'G': 0.446, 'T': 0.059}","{'A': 0.049, 'C': 0.001, 'G': 0.711, 'T': 0.239}","{'A': 0.163, 'C': 0.001, 'G': 0.427, 'T': 0.408}","{'A': 0.001, 'C': 0.001, 'G': 0.997, 'T': 0.001}","{'A': 0.001, 'C': 0.001, 'G': 0.997, 'T': 0.001}","{'A': 0.001, 'C': 0.001, 'G': 0.997, 'T': 0.001}","{'A': 0.201, 'C': 0.001, 'G': 0.797, 'T': 0.001}",,,,,1
16,AGGCGAGGA,TCCTCGCCT,AGGCGCGGA,232,240,-0.15272304041316712,9,"{'A': 0.875214, 'C': 0.017681, 'G': 0.092331, 'T': 0.014774}","{'A': 0.0, 'C': 0.055604, 'G': 0.932808, 'T': 0.011587}","{'A': 0.038647, 'C': 0.056005, 'G': 0.709594, 'T': 0.195753}","{'A': 0.0, 'C': 0.913535, 'G': 0.065131, 'T': 0.021334}","{'A': 0.085254, 'C': 0.0, 'G': 0.914746, 'T': 0.0}","{'A': 0.183339, 'C': 0.703185, 'G': 0.015358, 'T': 0.098117}","{'A': 0.224707, 'C': 0.03322, 'G': 0.693924, 'T': 0.048149}","{'A': 0.0, 'C': 0.003289, 'G': 0.987775, 'T': 0.008936}","{'A': 0.693946, 'C': 0.069805, 'G': 0.036235, 'T': 0.200014}",,,,,,1
17,CAGTGTTAG,CTAACACTG,CCGTGTTAG,1152,1160,-0.1564255593927411,9,"{'A': 0.001487, 'C': 0.990973, 'G': 0.003215, 'T': 0.004325}","{'A': 0.085533, 'C': 0.658163, 'G': 0.0, 'T': 0.256304}","{'A': 0.151217, 'C': 0.011889, 'G': 0.836894, 'T': 0.0}","{'A': 0.00128, 'C': 0.009563, 'G': 0.0, 'T': 0.989157}","{'A': 0.038594, 'C': 0.0, 'G': 0.93816, 'T': 0.023246}","{'A': 0.024775, 'C': 0.070703, 'G': 0.003317, 'T': 0.901205}","{'A': 0.017218, 'C': 0.045309, 'G': 0.12707, 'T': 0.810403}","{'A': 0.859592, 'C': 0.006228, 'G': 0.001902, 'T': 0.132277}","{'A': 0.00187, 'C': 0.049558, 'G': 0.946117, 'T': 0.002455}",,,,,,1
18,CCTCCGCGC,GCGCGGAGG,CCTCGKCGC,2,10,-0.1572564918303058,9,"{'A': 0.0, 'C': 0.966988, 'G': 0.017313, 'T': 0.015699}","{'A': 0.0, 'C': 0.934975, 'G': 0.059687, 'T': 0.005338}","{'A': 0.088978, 'C': 0.015969, 'G': 0.037135, 'T': 0.857917}","{'A': 0.0, 'C': 1.0, 'G': 0.0, 'T': 0.0}","{'A': 0.141542, 'C': 0.205873, 'G': 0.652584, 'T': 0.0}","{'A': 0.0, 'C': 0.0, 'G': 0.285353, 'T': 0.714647}","{'A': 0.0, 'C': 0.980935, 'G': 0.019065, 'T': 0.0}","{'A': 0.03221, 'C': 0.022558, 'G': 0.89982, 'T': 0.045412}","{'A': 0.0, 'C': 0.955537, 'G': 0.036619, 'T': 0.007844}",,,,,,1
19,CGCGGGCG,CGCCCGCG,CRCVCRCG,28,35,-0.17115393632221818,8,"{'A': 0.168, 'C': 0.83, 'G': 0.001, 'T': 0.001}","{'A': 0.456, 'C': 0.001, 'G': 0.542, 'T': 0.001}","{'A': 0.001, 'C': 0.997, 'G': 0.001, 'T': 0.001}","{'A': 0.282, 'C': 0.229, 'G': 0.488, 'T': 0.001}","{'A': 0.001, 'C': 0.997, 'G': 0.001, 'T': 0.001}","{'A': 0.394, 'C': 0.001, 'G': 0.604, 'T': 0.001}","{'A': 0.001, 'C': 0.997, 'G': 0.001, 'T': 0.001}","{'A': 0.305, 'C': 0.001, 'G': 0.693, 'T': 0.001}",,,,,,,1
20,GCGAGCGCT,AGCGCTCGC,CGCGCTCGC,50,58,-0.1711998820921278,9,"{'A': 0.162017, 'C': 0.791417, 'G': 0.033409, 'T': 0.013157}","{'A': 0.179795, 'C': 0.033827, 'G': 0.739809, 'T': 0.046569}","{'A': 0.003278, 'C': 0.936869, 'G': 0.012896, 'T': 0.046956}","{'A': 0.167143, 'C': 0.066605, 'G': 0.742575, 'T': 0.023676}","{'A': 0.066235, 'C': 0.901889, 'G': 0.02392, 'T': 0.007956}","{'A': 0.093024, 'C': 0.062036, 'G': 0.0, 'T': 0.84494}","{'A': 0.002727, 'C': 0.59365, 'G': 0.191516, 'T': 0.212108}","{'A': 0.135146, 'C': 0.023981, 'G': 0.825204, 'T': 0.015669}","{'A': 0.016663, 'C': 0.924764, 'G': 0.05171, 'T': 0.006863}",,,,,,1
21,GGGGTTGGGG,CCCCAACCCC,known-MAZ,524,533,-0.17224253019416672,10,"{'A': 0.346, 'C': 0.001, 'G': 0.652, 'T': 0.001}","{'A': 0.097, 'C': 0.001, 'G': 0.901, 'T': 0.001}","{'A': 0.059, 'C': 0.001, 'G': 0.939, 'T': 0.001}","{'A': 0.494, 'C': 0.001, 'G': 0.446, 'T': 0.059}","{'A': 0.049, 'C': 0.001, 'G': 0.711, 'T': 0.239}","{'A': 0.163, 'C': 0.001, 'G': 0.427, 'T': 0.408}","{'A': 0.001, 'C': 0.001, 'G': 0.997, 'T': 0.001}","{'A': 0.001, 'C': 0.001, 'G': 0.997, 'T': 0.001}","{'A': 0.001, 'C': 0.001, 'G': 0.997, 'T': 0.001}","{'A': 0.201, 'C': 0.001, 'G': 0.797, 'T': 0.001}",,,,,1
22,GAGCGCTGC,GCAGCGCTC,GCAGCGCGC,52,60,-0.1739359664819462,9,"{'A': 0.099357, 'C': 0.04294, 'G': 0.789646, 'T': 0.068057}","{'A': 0.149806, 'C': 0.766552, 'G': 0.037558, 'T': 0.046084}","{'A': 0.793039, 'C': 0.041597, 'G': 0.090095, 'T': 0.075269}","{'A': 0.066196, 'C': 0.057834, 'G': 0.826047, 'T': 0.049922}","{'A': 0.038104, 'C': 0.816713, 'G': 0.03579, 'T': 0.109393}","{'A': 0.021016, 'C': 0.021895, 'G': 0.822058, 'T': 0.135031}","{'A': 0.013337, 'C': 0.838601, 'G': 0.025505, 'T': 0.122557}","{'A': 0.016923, 'C': 0.04779, 'G': 0.780371, 'T': 0.154915}","{'A': 0.016956, 'C': 0.78647, 'G': 0.099911, 'T': 0.096663}",,,,,,1
23,TGGCCGCCG,CGGCGGCCA,CGGCCGCCG,434,442,-0.17405505128734394,9,"{'A': 0.115824, 'C': 0.603216, 'G': 0.143269, 'T': 0.137691}","{'A': 0.064926, 'C': 0.017298, 'G': 0.905953, 'T': 0.011822}","{'A': 0.039064, 'C': 0.048384, 'G': 0.893363, 'T': 0.019189}","{'A': 0.134331, 'C': 0.769029, 'G': 0.072647, 'T': 0.023993}","{'A': 0.062557, 'C': 0.867992, 'G': 0.014081, 'T': 0.05537}","{'A': 0.137515, 'C': 0.046803, 'G': 0.779949, 'T': 0.035733}","{'A': 0.028761, 'C': 0.802681, 'G': 0.107949, 'T': 0.060608}","{'A': 0.032814, 'C': 0.744146, 'G': 0.052606, 'T': 0.170434}","{'A': 0.009113, 'C': 0.090552, 'G': 0.78296, 'T': 0.117375}",,,,,,1
24,CCGCTGCTC,GAGCAGCGG,CCGCGGCTC,124,132,-0.17459088525490735,9,"{'A': 0.015936, 'C': 0.89093, 'G': 0.062464, 'T': 0.03067}","{'A': 0.123503, 'C': 0.763992, 'G': 0.043258, 'T': 0.069248}","{'A': 0.046217, 'C': 0.055002, 'G': 0.739239, 'T': 0.159542}","{'A': 0.07929, 'C': 0.817484, 'G': 0.056058, 'T': 0.047168}","{'A': 0.116146, 'C': 0.045436, 'G': 0.712249, 'T': 0.126169}","{'A': 0.029315, 'C': 0.039799, 'G': 0.787364, 'T': 0.143522}","{'A': 0.072744, 'C': 0.8432, 'G': 0.037358, 'T': 0.046698}","{'A': 0.062189, 'C': 0.062341, 'G': 0.057781, 'T': 0.817689}","{'A': 0.00174, 'C': 0.952442, 'G': 0.020786, 'T': 0.025032}",,,,,,1
25,GCGCCCCCC,GGGGGGCGC,known-ZBTB7B,33,41,-0.17543156599312504,9,"{'A': 0.068546, 'C': 0.013519, 'G': 0.903052, 'T': 0.014882}","{'A': 0.020939, 'C': 0.787368, 'G': 0.079695, 'T': 0.111998}","{'A': 0.045855, 'C': 0.045536, 'G': 0.890618, 'T': 0.01799}","{'A': 0.638665, 'C': 0.118297, 'G': 0.084603, 'T': 0.158435}","{'A': 0.009645, 'C': 0.842605, 'G': 0.035815, 'T': 0.111935}","{'A': 0.014718, 'C': 0.853503, 'G': 0.107932, 'T': 0.023848}","{'A': 0.008942, 'C': 0.938889, 'G': 0.011418, 'T': 0.040751}","{'A': 0.063348, 'C': 0.665316, 'G': 0.210448, 'T': 0.060889}","{'A': 0.137239, 'C': 0.78359, 'G': 0.055907, 'T': 0.023264}",,,,,,1
26,TCCCGCGG,CCGCGGGA,SCGCGGRA,25,32,-0.17718887176228346,8,"{'A': 0.001, 'C': 0.526, 'G': 0.472, 'T': 0.001}","{'A': 0.001, 'C': 0.707, 'G': 0.064, 'T': 0.228}","{'A': 0.001, 'C': 0.11, 'G': 0.836, 'T': 0.053}","{'A': 0.158, 'C': 0.658, 'G': 0.183, 'T': 0.001}","{'A': 0.111, 'C': 0.001, 'G': 0.758, 'T': 0.13}","{'A': 0.258, 'C': 0.022, 'G': 0.719, 'T': 0.001}","{'A': 0.654, 'C': 0.001, 'G': 0.344, 'T': 0.001}","{'A': 0.997, 'C': 0.001, 'G': 0.001, 'T': 0.001}",,,,,,,1
27,GCGCCCTC,GAGGGCGC,TAGGGCGC,824,831,-0.17887117145407552,8,"{'A': 0.033, 'C': 0.132, 'G': 0.081, 'T': 0.754}","{'A': 0.871, 'C': 0.001, 'G': 0.127, 'T': 0.001}","{'A': 0.023, 'C': 0.015, 'G': 0.961, 'T': 0.001}","{'A': 0.001, 'C': 0.074, 'G': 0.892, 'T': 0.033}","{'A': 0.023, 'C': 0.019, 'G': 0.941, 'T': 0.017}","{'A': 0.076, 'C': 0.832, 'G': 0.091, 'T': 0.001}","{'A': 0.041, 'C': 0.001, 'G': 0.902, 'T': 0.056}","{'A': 0.046, 'C': 0.868, 'G': 0.066, 'T': 0.02}",,,,,,,1
28,GCGAGGAA,TTCCTCGC,TYSMKCGS,234,241,-0.1805687913378809,8,"{'A': 0.001, 'C': 0.001, 'G': 0.001, 'T': 0.997}","{'A': 0.06, 'C': 0.262, 'G': 0.001, 'T': 0.677}","{'A': 0.063, 'C': 0.487, 'G': 0.389, 'T': 0.061}","{'A': 0.524, 'C': 0.474, 'G': 0.001, 'T': 0.001}","{'A': 0.001, 'C': 0.032, 'G': 0.4, 'T': 0.567}","{'A': 0.001, 'C': 0.997, 'G': 0.001, 'T': 0.001}","{'A': 0.001, 'C': 0.001, 'G': 0.777, 'T': 0.221}","{'A': 0.001, 'C': 0.525, 'G': 0.473, 'T': 0.001}",,,,,,,1
29,GGCGCCCCC,GGGGGCGCC,GAGRGCGCC,32,40,-0.1860385699553828,9,"{'A': 0.0, 'C': 0.0, 'G': 1.0, 'T': 0.0}","{'A': 0.825089, 'C': 0.0, 'G': 0.145556, 'T': 0.029355}","{'A': 0.045005, 'C': 0.056592, 'G': 0.895415, 'T': 0.002988}","{'A': 0.652574, 'C': 0.067997, 'G': 0.257813, 'T': 0.021616}","{'A': 0.050598, 'C': 0.053199, 'G': 0.87644, 'T': 0.019763}","{'A': 0.0, 'C': 1.0, 'G': 0.0, 'T': 0.0}","{'A': 0.0, 'C': 0.035885, 'G': 0.938425, 'T': 0.02569}","{'A': 0.008344, 'C': 0.991656, 'G': 0.0, 'T': 0.0}","{'A': 0.046865, 'C': 0.772344, 'G': 0.10114, 'T': 0.079651}",,,,,,1
30,GGGTGGGGC,GCCCCACCC,GMTCCACCC,873,881,-0.18628660058377364,9,"{'A': 0.048111, 'C': 0.189059, 'G': 0.722392, 'T': 0.040438}","{'A': 0.338577, 'C': 0.653076, 'G': 0.0, 'T': 0.008347}","{'A': 0.041803, 'C': 0.083981, 'G': 0.021024, 'T': 0.853191}","{'A': 0.003632, 'C': 0.974493, 'G': 0.021875, 'T': 0.0}","{'A': 0.007302, 'C': 0.80983, 'G': 0.004088, 'T': 0.17878}","{'A': 0.807158, 'C': 0.02927, 'G': 0.0644, 'T': 0.099172}","{'A': 0.0, 'C': 0.93728, 'G': 0.036011, 'T': 0.026709}","{'A': 0.004933, 'C': 0.947829, 'G': 0.025721, 'T': 0.021517}","{'A': 0.03018, 'C': 0.939231, 'G': 0.005622, 'T': 0.024967}",,,,,,1
31,GGGGCATGG,CCATGCCCC,CCVTGCCCA,619,627,-0.18808181229993842,9,"{'A': 0.037321, 'C': 0.899099, 'G': 0.03925, 'T': 0.024331}","{'A': 0.009832, 'C': 0.868115, 'G': 0.008478, 'T': 0.113576}","{'A': 0.576648, 'C': 0.181493, 'G': 0.153367, 'T': 0.088493}","{'A': 0.043827, 'C': 0.043331, 'G': 0.148924, 'T': 0.763918}","{'A': 0.052561, 'C': 0.106265, 'G': 0.793187, 'T': 0.047987}","{'A': 0.053276, 'C': 0.81329, 'G': 0.034118, 'T': 0.099317}","{'A': 0.039918, 'C': 0.922088, 'G': 0.016137, 'T': 0.021857}","{'A': 0.046314, 'C': 0.924399, 'G': 0.00132, 'T': 0.027967}","{'A': 0.764644, 'C': 0.107317, 'G': 0.057516, 'T': 0.070523}",,,,,,1
32,GCTGGCCGG,CCGGCCAGC,CYGGCCRRC,417,425,-0.18851094369862278,9,"{'A': 0.007938, 'C': 0.985152, 'G': 0.0, 'T': 0.006909}","{'A': 0.024619, 'C': 0.258362, 'G': 0.022219, 'T': 0.6948}","{'A': 0.046433, 'C': 0.0009, 'G': 0.952667, 'T': 0.0}","{'A': 0.0, 'C': 0.00683, 'G': 0.991519, 'T': 0.001651}","{'A': 0.022019, 'C': 0.747881, 'G': 0.226051, 'T': 0.004049}","{'A': 0.016309, 'C': 0.965816, 'G': 0.017176, 'T': 0.0007}","{'A': 0.675872, 'C': 0.020436, 'G': 0.280135, 'T': 0.023557}","{'A': 0.695036, 'C': 0.090809, 'G': 0.188599, 'T': 0.025557}","{'A': 0.008111, 'C': 0.908441, 'G': 0.077731, 'T': 0.005717}",,,,,,1
33,GCGCGCGCC,GGCGCGCGC,CGCGCGCGC,820,828,-0.1885488889555621,9,"{'A': 0.075384, 'C': 0.732931, 'G': 0.109602, 'T': 0.082083}","{'A': 0.061254, 'C': 0.093522, 'G': 0.780653, 'T': 0.064571}","{'A': 0.061714, 'C': 0.782326, 'G': 0.092984, 'T': 0.062977}","{'A': 0.053618, 'C': 0.047923, 'G': 0.87051, 'T': 0.027949}","{'A': 0.056463, 'C': 0.841416, 'G': 0.059705, 'T': 0.042416}","{'A': 0.05015, 'C': 0.066721, 'G': 0.849264, 'T': 0.033864}","{'A': 0.049659, 'C': 0.820892, 'G': 0.079134, 'T': 0.050316}","{'A': 0.079346, 'C': 0.107526, 'G': 0.74137, 'T': 0.071759}","{'A': 0.040835, 'C': 0.792953, 'G': 0.111967, 'T': 0.054246}",,,,,,1
34,GAGACCGCC,GGCGGTCTC,GAGRGCGCC,472,480,-0.19270780134134224,9,"{'A': 0.0, 'C': 0.0, 'G': 1.0, 'T': 0.0}","{'A': 0.825089, 'C': 0.0, 'G': 0.145556, 'T': 0.029355}","{'A': 0.045005, 'C': 0.056592, 'G': 0.895415, 'T': 0.002988}","{'A': 0.652574, 'C': 0.067997, 'G': 0.257813, 'T': 0.021616}","{'A': 0.050598, 'C': 0.053199, 'G': 0.87644, 'T': 0.019763}","{'A': 0.0, 'C': 1.0, 'G': 0.0, 'T': 0.0}","{'A': 0.0, 'C': 0.035885, 'G': 0.938425, 'T': 0.02569}","{'A': 0.008344, 'C': 0.991656, 'G': 0.0, 'T': 0.0}","{'A': 0.046865, 'C': 0.772344, 'G': 0.10114, 'T': 0.079651}",,,,,,1
35,GCGAGCAA,TTGCTCGC,TYSMKCGS,501,508,-0.19276621132399674,8,"{'A': 0.001, 'C': 0.001, 'G': 0.001, 'T': 0.997}","{'A': 0.06, 'C': 0.262, 'G': 0.001, 'T': 0.677}","{'A': 0.063, 'C': 0.487, 'G': 0.389, 'T': 0.061}","{'A': 0.524, 'C': 0.474, 'G': 0.001, 'T': 0.001}","{'A': 0.001, 'C': 0.032, 'G': 0.4, 'T': 0.567}","{'A': 0.001, 'C': 0.997, 'G': 0.001, 'T': 0.001}","{'A': 0.001, 'C': 0.001, 'G': 0.777, 'T': 0.221}","{'A': 0.001, 'C': 0.525, 'G': 0.473, 'T': 0.001}",,,,,,,1
36,CCGCCAAG,CTTGGCGG,SCGSMRAS,476,483,-0.19313630612221605,8,"{'A': 0.001, 'C': 0.636, 'G': 0.362, 'T': 0.001}","{'A': 0.001, 'C': 0.794, 'G': 0.204, 'T': 0.001}","{'A': 0.001, 'C': 0.001, 'G': 0.997, 'T': 0.001}","{'A': 0.001, 'C': 0.507, 'G': 0.491, 'T': 0.001}","{'A': 0.532, 'C': 0.466, 'G': 0.001, 'T': 0.001}","{'A': 0.464, 'C': 0.001, 'G': 0.534, 'T': 0.001}","{'A': 0.997, 'C': 0.001, 'G': 0.001, 'T': 0.001}","{'A': 0.246, 'C': 0.235, 'G': 0.518, 'T': 0.001}",,,,,,,1
37,GCGCAGCGAG,CTCGCTGCGC,GCGCTGCGAG,76,85,-0.1933302146413616,10,"{'A': 0.038, 'C': 0.047, 'G': 0.852, 'T': 0.063}","{'A': 0.054, 'C': 0.794, 'G': 0.087, 'T': 0.065}","{'A': 0.056, 'C': 0.075, 'G': 0.784, 'T': 0.085}","{'A': 0.037, 'C': 0.862, 'G': 0.029, 'T': 0.072}","{'A': 0.087, 'C': 0.077, 'G': 0.049, 'T': 0.787}","{'A': 0.048, 'C': 0.096, 'G': 0.783, 'T': 0.073}","{'A': 0.064, 'C': 0.757, 'G': 0.096, 'T': 0.083}","{'A': 0.05, 'C': 0.064, 'G': 0.815, 'T': 0.071}","{'A': 0.704, 'C': 0.081, 'G': 0.116, 'T': 0.099}","{'A': 0.062, 'C': 0.031, 'G': 0.862, 'T': 0.045}",,,,,1
38,CCCTCGTCG,CGACGAGGG,CCCTCKGCG,827,835,-0.1970624904839088,9,"{'A': 0.119241, 'C': 0.635437, 'G': 0.040308, 'T': 0.205014}","{'A': 0.028713, 'C': 0.92178, 'G': 0.038305, 'T': 0.011201}","{'A': 0.002258, 'C': 0.951607, 'G': 0.032663, 'T': 0.013472}","{'A': 0.104376, 'C': 0.045238, 'G': 0.0, 'T': 0.850386}","{'A': 0.0, 'C': 0.963331, 'G': 0.022344, 'T': 0.014325}","{'A': 0.024877, 'C': 0.0, 'G': 0.605146, 'T': 0.369977}","{'A': 0.002878, 'C': 0.017337, 'G': 0.893653, 'T': 0.086132}","{'A': 0.006202, 'C': 0.921932, 'G': 0.030787, 'T': 0.041078}","{'A': 0.044466, 'C': 0.0, 'G': 0.767653, 'T': 0.187881}",,,,,,1
39,CGGGGGCGG,CCGCCCCCG,known-TEAD2,767,775,-0.1990766092391866,9,"{'A': 0.014051, 'C': 0.842671, 'G': 0.08023, 'T': 0.063048}","{'A': 0.10171, 'C': 0.702577, 'G': 0.108435, 'T': 0.087279}","{'A': 0.021102, 'C': 0.023001, 'G': 0.875985, 'T': 0.079912}","{'A': 0.051884, 'C': 0.835202, 'G': 0.068869, 'T': 0.044044}","{'A': 0.141042, 'C': 0.637688, 'G': 0.113762, 'T': 0.107509}","{'A': 0.017441, 'C': 0.09362, 'G': 0.840563, 'T': 0.048376}","{'A': 0.033106, 'C': 0.871055, 'G': 0.080911, 'T': 0.014928}","{'A': 0.032873, 'C': 0.82108, 'G': 0.053395, 'T': 0.092652}","{'A': 0.053356, 'C': 0.039728, 'G': 0.873499, 'T': 0.033417}",,,,,,1
40,CGCGCCCTC,GAGGGCGCG,GAGRGCGCC,823,831,-0.20041825249719536,9,"{'A': 0.0, 'C': 0.0, 'G': 1.0, 'T': 0.0}","{'A': 0.825089, 'C': 0.0, 'G': 0.145556, 'T': 0.029355}","{'A': 0.045005, 'C': 0.056592, 'G': 0.895415, 'T': 0.002988}","{'A': 0.652574, 'C': 0.067997, 'G': 0.257813, 'T': 0.021616}","{'A': 0.050598, 'C': 0.053199, 'G': 0.87644, 'T': 0.019763}","{'A': 0.0, 'C': 1.0, 'G': 0.0, 'T': 0.0}","{'A': 0.0, 'C': 0.035885, 'G': 0.938425, 'T': 0.02569}","{'A': 0.008344, 'C': 0.991656, 'G': 0.0, 'T': 0.0}","{'A': 0.046865, 'C': 0.772344, 'G': 0.10114, 'T': 0.079651}",,,,,,1
41,CTCCGTGGGG,CCCCACGGAG,MCCCRCTGAG,276,285,-0.2006434744978746,10,"{'A': 0.440481, 'C': 0.306975, 'G': 0.063151, 'T': 0.189392}","{'A': 0.039723, 'C': 0.828968, 'G': 0.096078, 'T': 0.03523}","{'A': 0.031362, 'C': 0.81162, 'G': 0.106704, 'T': 0.050313}","{'A': 0.029593, 'C': 0.912683, 'G': 0.00917, 'T': 0.048554}","{'A': 0.584858, 'C': 0.057036, 'G': 0.185872, 'T': 0.172233}","{'A': 0.0, 'C': 0.866977, 'G': 0.133023, 'T': 0.0}","{'A': 0.17185, 'C': 0.044223, 'G': 0.131264, 'T': 0.652663}","{'A': 0.003906, 'C': 0.007443, 'G': 0.97809, 'T': 0.010561}","{'A': 0.856976, 'C': 0.044668, 'G': 0.059761, 'T': 0.038595}","{'A': 0.039758, 'C': 0.021312, 'G': 0.936916, 'T': 0.002014}",,,,,1
42,TCGCAGCCG,CGGCTGCGA,CGGCTGCGC,341,349,-0.20182451904083665,9,"{'A': 0.156599, 'C': 0.760399, 'G': 0.029018, 'T': 0.053983}","{'A': 0.159114, 'C': 0.01377, 'G': 0.788096, 'T': 0.039019}","{'A': 0.127942, 'C': 0.032172, 'G': 0.77397, 'T': 0.065916}","{'A': 0.014216, 'C': 0.833098, 'G': 0.147043, 'T': 0.005643}","{'A': 0.044293, 'C': 0.158534, 'G': 0.00974, 'T': 0.787433}","{'A': 0.002693, 'C': 0.030032, 'G': 0.952279, 'T': 0.014997}","{'A': 0.197325, 'C': 0.577534, 'G': 0.039387, 'T': 0.185754}","{'A': 0.007726, 'C': 0.01236, 'G': 0.963534, 'T': 0.016381}","{'A': 0.094649, 'C': 0.788249, 'G': 0.04995, 'T': 0.067152}",,,,,,1
43,GCGCCGGGT,ACCCGGCGC,GCGCCGGGA,7,15,-0.20292264828219617,9,"{'A': 0.23802, 'C': 0.056466, 'G': 0.705514, 'T': 0.0}","{'A': 0.025477, 'C': 0.899509, 'G': 0.046513, 'T': 0.028501}","{'A': 0.072856, 'C': 0.01282, 'G': 0.641487, 'T': 0.272837}","{'A': 0.010888, 'C': 0.7738, 'G': 0.035838, 'T': 0.179475}","{'A': 0.015276, 'C': 0.872208, 'G': 0.021275, 'T': 0.091241}","{'A': 0.048974, 'C': 0.060092, 'G': 0.854626, 'T': 0.036308}","{'A': 0.175521, 'C': 0.032427, 'G': 0.751631, 'T': 0.040421}","{'A': 0.022023, 'C': 0.017828, 'G': 0.9567, 'T': 0.003449}","{'A': 0.858898, 'C': 0.045376, 'G': 0.007379, 'T': 0.088347}",,,,,,1
44,GCGCCGGGT,ACCCGGCGC,GCGCCGGGA,314,322,-0.20292264828219617,9,"{'A': 0.23802, 'C': 0.056466, 'G': 0.705514, 'T': 0.0}","{'A': 0.025477, 'C': 0.899509, 'G': 0.046513, 'T': 0.028501}","{'A': 0.072856, 'C': 0.01282, 'G': 0.641487, 'T': 0.272837}","{'A': 0.010888, 'C': 0.7738, 'G': 0.035838, 'T': 0.179475}","{'A': 0.015276, 'C': 0.872208, 'G': 0.021275, 'T': 0.091241}","{'A': 0.048974, 'C': 0.060092, 'G': 0.854626, 'T': 0.036308}","{'A': 0.175521, 'C': 0.032427, 'G': 0.751631, 'T': 0.040421}","{'A': 0.022023, 'C': 0.017828, 'G': 0.9567, 'T': 0.003449}","{'A': 0.858898, 'C': 0.045376, 'G': 0.007379, 'T': 0.088347}",,,,,,1
45,GGCGCCGG,CCGGCGCC,SSCGCSGG,965,972,-0.20364754361659043,8,"{'A': 0.219, 'C': 0.492, 'G': 0.287, 'T': 0.001}","{'A': 0.248, 'C': 0.253, 'G': 0.477, 'T': 0.021}","{'A': 0.001, 'C': 0.997, 'G': 0.001, 'T': 0.001}","{'A': 0.02, 'C': 0.09, 'G': 0.889, 'T': 0.001}","{'A': 0.228, 'C': 0.77, 'G': 0.001, 'T': 0.001}","{'A': 0.14, 'C': 0.343, 'G': 0.39, 'T': 0.127}","{'A': 0.224, 'C': 0.021, 'G': 0.754, 'T': 0.001}","{'A': 0.001, 'C': 0.026, 'G': 0.972, 'T': 0.001}",,,,,,,1
46,GGGTCGCGG,CCGCGACCC,CCGCGTCCC,356,364,-0.2042741147956898,9,"{'A': 0.071063, 'C': 0.812308, 'G': 0.089917, 'T': 0.026712}","{'A': 0.142461, 'C': 0.716113, 'G': 0.130311, 'T': 0.011115}","{'A': 0.083686, 'C': 0.039114, 'G': 0.863602, 'T': 0.013599}","{'A': 0.11265, 'C': 0.652205, 'G': 0.138946, 'T': 0.096199}","{'A': 0.016012, 'C': 0.037835, 'G': 0.89781, 'T': 0.048343}","{'A': 0.088864, 'C': 0.078876, 'G': 0.056605, 'T': 0.775655}","{'A': 0.037561, 'C': 0.7559, 'G': 0.044045, 'T': 0.162493}","{'A': 0.071744, 'C': 0.846919, 'G': 0.027819, 'T': 0.053519}","{'A': 0.054916, 'C': 0.866795, 'G': 0.0277, 'T': 0.050589}",,,,,,1
47,CCGCGCCGG,CCGGCGCGG,known-ZNF354C,5,13,-0.20439511100308466,9,"{'A': 0.003985, 'C': 0.956976, 'G': 0.020448, 'T': 0.018592}","{'A': 0.00319, 'C': 0.900465, 'G': 0.016739, 'T': 0.079606}","{'A': 0.810268, 'C': 0.0, 'G': 0.109281, 'T': 0.080451}","{'A': 0.049245, 'C': 0.699329, 'G': 0.012305, 'T': 0.239121}","{'A': 0.19129, 'C': 0.358601, 'G': 0.336097, 'T': 0.114012}","{'A': 0.021548, 'C': 0.864279, 'G': 0.077066, 'T': 0.037107}","{'A': 0.054795, 'C': 0.872729, 'G': 0.007896, 'T': 0.064579}","{'A': 0.032994, 'C': 0.019231, 'G': 0.947775, 'T': 0.0}","{'A': 0.039221, 'C': 0.035492, 'G': 0.914422, 'T': 0.010865}",,,,,,1
48,AGCGCGCGC,GCGCGCGCT,CGCGCGCGC,819,827,-0.2066088112941974,9,"{'A': 0.075384, 'C': 0.732931, 'G': 0.109602, 'T': 0.082083}","{'A': 0.061254, 'C': 0.093522, 'G': 0.780653, 'T': 0.064571}","{'A': 0.061714, 'C': 0.782326, 'G': 0.092984, 'T': 0.062977}","{'A': 0.053618, 'C': 0.047923, 'G': 0.87051, 'T': 0.027949}","{'A': 0.056463, 'C': 0.841416, 'G': 0.059705, 'T': 0.042416}","{'A': 0.05015, 'C': 0.066721, 'G': 0.849264, 'T': 0.033864}","{'A': 0.049659, 'C': 0.820892, 'G': 0.079134, 'T': 0.050316}","{'A': 0.079346, 'C': 0.107526, 'G': 0.74137, 'T': 0.071759}","{'A': 0.040835, 'C': 0.792953, 'G': 0.111967, 'T': 0.054246}",,,,,,1
49,AAGGACGCGC,GCGCGTCCTT,ACGGACGCGH,308,317,-0.2076137434132686,10,"{'A': 0.689411, 'C': 0.127106, 'G': 0.067346, 'T': 0.116137}","{'A': 0.097244, 'C': 0.720643, 'G': 0.103496, 'T': 0.078617}","{'A': 0.038335, 'C': 0.043399, 'G': 0.898123, 'T': 0.020143}","{'A': 0.080807, 'C': 0.077939, 'G': 0.835647, 'T': 0.005607}","{'A': 0.864308, 'C': 0.022527, 'G': 0.089004, 'T': 0.024161}","{'A': 0.026705, 'C': 0.85634, 'G': 0.055302, 'T': 0.061653}","{'A': 0.0773, 'C': 0.026615, 'G': 0.881076, 'T': 0.015009}","{'A': 0.018553, 'C': 0.868119, 'G': 0.053577, 'T': 0.05975}","{'A': 0.012404, 'C': 0.15095, 'G': 0.804156, 'T': 0.032489}","{'A': 0.326886, 'C': 0.366366, 'G': 0.077511, 'T': 0.229238}",,,,,1
50,CTGGGTCCGCG,CGCGGACCCAG,CGCGGCCCCVS,493,503,-0.20843267769536125,11,"{'A': 0.040766, 'C': 0.904844, 'G': 0.053133, 'T': 0.001257}","{'A': 0.081134, 'C': 0.070226, 'G': 0.829503, 'T': 0.019137}","{'A': 0.086573, 'C': 0.813875, 'G': 0.023608, 'T': 0.075944}","{'A': 0.055597, 'C': 0.010669, 'G': 0.898086, 'T': 0.035648}","{'A': 0.033457, 'C': 0.048091, 'G': 0.723889, 'T': 0.194563}","{'A': 0.125069, 'C': 0.638477, 'G': 0.079073, 'T': 0.15738}","{'A': 0.035542, 'C': 0.771981, 'G': 0.01897, 'T': 0.173506}","{'A': 0.044304, 'C': 0.869565, 'G': 0.026147, 'T': 0.059984}","{'A': 0.014897, 'C': 0.899079, 'G': 0.033852, 'T': 0.052172}","{'A': 0.297544, 'C': 0.178608, 'G': 0.415426, 'T': 0.108422}","{'A': 0.160292, 'C': 0.214689, 'G': 0.571339, 'T': 0.05368}",,,,1
51,CGCTCGGGG,CCCCGAGCG,known-SLC13A4,1071,1079,-0.20845824369862448,9,"{'A': 0.100164, 'C': 0.753602, 'G': 0.085639, 'T': 0.060596}","{'A': 0.068652, 'C': 0.772481, 'G': 0.036636, 'T': 0.122231}","{'A': 0.074598, 'C': 0.861669, 'G': 0.01337, 'T': 0.050362}","{'A': 0.056988, 'C': 0.765867, 'G': 0.0341, 'T': 0.143046}","{'A': 0.030808, 'C': 0.035411, 'G': 0.908479, 'T': 0.025301}","{'A': 0.074317, 'C': 0.717081, 'G': 0.18276, 'T': 0.025842}","{'A': 0.026137, 'C': 0.047753, 'G': 0.902239, 'T': 0.023871}","{'A': 0.09199, 'C': 0.679992, 'G': 0.135353, 'T': 0.092666}","{'A': 0.031351, 'C': 0.06948, 'G': 0.835841, 'T': 0.063329}",,,,,,1
52,GCGGGCGCCCC,GGGGCGCCCGC,known-PLAL1,29,39,-0.2088850053694854,11,"{'A': 0.379428, 'C': 0.03127, 'G': 0.380014, 'T': 0.209288}","{'A': 0.131753, 'C': 0.845024, 'G': 0.012822, 'T': 0.010401}","{'A': 0.044267, 'C': 0.051467, 'G': 0.717527, 'T': 0.186739}","{'A': 0.01906, 'C': 0.052881, 'G': 0.886301, 'T': 0.041758}","{'A': 0.066713, 'C': 0.111365, 'G': 0.806333, 'T': 0.015588}","{'A': 0.011637, 'C': 0.93646, 'G': 0.040684, 'T': 0.011219}","{'A': 0.017967, 'C': 0.035906, 'G': 0.883112, 'T': 0.063015}","{'A': 0.094303, 'C': 0.087235, 'G': 0.559349, 'T': 0.259113}","{'A': 0.032142, 'C': 0.836935, 'G': 0.069705, 'T': 0.061218}","{'A': 0.088581, 'C': 0.852862, 'G': 0.026856, 'T': 0.031701}","{'A': 0.151253, 'C': 0.59415, 'G': 0.020273, 'T': 0.234324}",,,,1
53,TTTGGCGC,GCGCCAAA,SCGVSRRA,16,23,-0.20944782037451654,8,"{'A': 0.001, 'C': 0.476, 'G': 0.396, 'T': 0.127}","{'A': 0.001, 'C': 0.997, 'G': 0.001, 'T': 0.001}","{'A': 0.213, 'C': 0.001, 'G': 0.785, 'T': 0.001}","{'A': 0.299, 'C': 0.374, 'G': 0.326, 'T': 0.001}","{'A': 0.105, 'C': 0.604, 'G': 0.29, 'T': 0.001}","{'A': 0.424, 'C': 0.001, 'G': 0.574, 'T': 0.001}","{'A': 0.754, 'C': 0.001, 'G': 0.244, 'T': 0.001}","{'A': 0.943, 'C': 0.001, 'G': 0.001, 'T': 0.055}",,,,,,,1
54,CCGCGGGCG,CGCCCGCGG,CCGCGGGAG,27,35,-0.2103878554304793,9,"{'A': 0.064013, 'C': 0.793841, 'G': 0.065529, 'T': 0.076616}","{'A': 0.014745, 'C': 0.912556, 'G': 0.060954, 'T': 0.011746}","{'A': 0.073034, 'C': 0.030824, 'G': 0.816772, 'T': 0.07937}","{'A': 0.017903, 'C': 0.795904, 'G': 0.041158, 'T': 0.145035}","{'A': 0.03449, 'C': 0.034584, 'G': 0.764269, 'T': 0.166657}","{'A': 0.117142, 'C': 0.02393, 'G': 0.835027, 'T': 0.023901}","{'A': 0.023763, 'C': 0.0616, 'G': 0.896573, 'T': 0.018064}","{'A': 0.7443, 'C': 0.062494, 'G': 0.069677, 'T': 0.123529}","{'A': 0.131211, 'C': 0.022245, 'G': 0.758899, 'T': 0.087645}",,,,,,1
55,GGGTCCGCG,CGCGGACCC,CGCGGAGCC,495,503,-0.2119165588459684,9,"{'A': 0.08254, 'C': 0.827749, 'G': 0.026262, 'T': 0.063448}","{'A': 0.037055, 'C': 0.083423, 'G': 0.772645, 'T': 0.106878}","{'A': 0.03964, 'C': 0.900395, 'G': 0.036656, 'T': 0.023309}","{'A': 0.280322, 'C': 0.042609, 'G': 0.638072, 'T': 0.038997}","{'A': 0.017792, 'C': 0.061966, 'G': 0.911904, 'T': 0.008337}","{'A': 0.797481, 'C': 0.024824, 'G': 0.059554, 'T': 0.118141}","{'A': 0.006731, 'C': 0.079226, 'G': 0.899147, 'T': 0.014896}","{'A': 0.121628, 'C': 0.776947, 'G': 0.023667, 'T': 0.077758}","{'A': 0.026353, 'C': 0.752733, 'G': 0.043651, 'T': 0.177263}",,,,,,1
56,GGAGCGCAG,CTGCGCTCC,CTGCGCGCC,534,542,-0.21213430396577307,9,"{'A': 0.05535, 'C': 0.895936, 'G': 0.042975, 'T': 0.005739}","{'A': 0.083854, 'C': 0.084787, 'G': 0.070146, 'T': 0.761212}","{'A': 0.039191, 'C': 0.032534, 'G': 0.878667, 'T': 0.049607}","{'A': 0.107114, 'C': 0.83248, 'G': 0.037984, 'T': 0.022422}","{'A': 0.079267, 'C': 0.01811, 'G': 0.8153, 'T': 0.087322}","{'A': 0.035412, 'C': 0.853795, 'G': 0.066773, 'T': 0.044021}","{'A': 0.102653, 'C': 0.12258, 'G': 0.714834, 'T': 0.059933}","{'A': 0.04964, 'C': 0.72275, 'G': 0.101308, 'T': 0.126302}","{'A': 0.066144, 'C': 0.81938, 'G': 0.02289, 'T': 0.091585}",,,,,,1
57,CTTCTCGGCG,CGCCGAGAAG,known-GLIS2,251,260,-0.2123882797238384,10,"{'A': 0.059, 'C': 0.827, 'G': 0.036, 'T': 0.078}","{'A': 0.058, 'C': 0.077, 'G': 0.048, 'T': 0.817}","{'A': 0.036, 'C': 0.103, 'G': 0.085, 'T': 0.776}","{'A': 0.036, 'C': 0.802, 'G': 0.087, 'T': 0.075}","{'A': 0.068, 'C': 0.076, 'G': 0.8, 'T': 0.056}","{'A': 0.065, 'C': 0.833, 'G': 0.04, 'T': 0.062}","{'A': 0.096, 'C': 0.083, 'G': 0.73, 'T': 0.091}","{'A': 0.062, 'C': 0.088, 'G': 0.803, 'T': 0.047}","{'A': 0.081, 'C': 0.834, 'G': 0.052, 'T': 0.033}","{'A': 0.065, 'C': 0.069, 'G': 0.784, 'T': 0.082}",,,,,1
58,ACTGGTTTT,AAAACCAGT,ARAGCCTGT,205,213,-0.2136033203824933,9,"{'A': 0.841256, 'C': 0.014754, 'G': 0.134388, 'T': 0.009602}","{'A': 0.657327, 'C': 0.040348, 'G': 0.28415, 'T': 0.018175}","{'A': 0.890826, 'C': 0.044282, 'G': 0.024738, 'T': 0.040154}","{'A': 0.190525, 'C': 0.018169, 'G': 0.777755, 'T': 0.01355}","{'A': 0.006326, 'C': 0.851736, 'G': 0.091858, 'T': 0.05008}","{'A': 0.086693, 'C': 0.88698, 'G': 0.026327, 'T': 0.0}","{'A': 0.204455, 'C': 0.017057, 'G': 0.024405, 'T': 0.754083}","{'A': 0.014352, 'C': 0.049497, 'G': 0.909706, 'T': 0.026445}","{'A': 0.065505, 'C': 0.016522, 'G': 0.01141, 'T': 0.906563}",,,,,,1
59,GGGCGCCCCC,GGGGGCGCCC,RAGCGCCYCC,31,40,-0.21476246729424542,10,"{'A': 0.315425, 'C': 0.027733, 'G': 0.543803, 'T': 0.11304}","{'A': 0.851943, 'C': 0.027976, 'G': 0.074884, 'T': 0.045196}","{'A': 0.215392, 'C': 0.0, 'G': 0.752684, 'T': 0.031924}","{'A': 0.010494, 'C': 0.975726, 'G': 0.005553, 'T': 0.008227}","{'A': 0.020036, 'C': 0.023387, 'G': 0.944628, 'T': 0.011949}","{'A': 0.030395, 'C': 0.92182, 'G': 0.025222, 'T': 0.022563}","{'A': 0.045088, 'C': 0.855825, 'G': 0.062422, 'T': 0.036666}","{'A': 0.123485, 'C': 0.511223, 'G': 0.026833, 'T': 0.338459}","{'A': 0.224863, 'C': 0.644886, 'G': 0.05768, 'T': 0.072571}","{'A': 0.021141, 'C': 0.968766, 'G': 0.0, 'T': 0.010093}",,,,,1
60,GAAAGCTC,GAGCTTTC,GCSCTBDC,671,678,-0.2166731377557117,8,"{'A': 0.156, 'C': 0.096, 'G': 0.654, 'T': 0.094}","{'A': 0.184, 'C': 0.625, 'G': 0.07, 'T': 0.121}","{'A': 0.001, 'C': 0.278, 'G': 0.72, 'T': 0.001}","{'A': 0.186, 'C': 0.72, 'G': 0.001, 'T': 0.093}","{'A': 0.057, 'C': 0.171, 'G': 0.001, 'T': 0.771}","{'A': 0.001, 'C': 0.167, 'G': 0.167, 'T': 0.665}","{'A': 0.226, 'C': 0.021, 'G': 0.155, 'T': 0.598}","{'A': 0.001, 'C': 0.966, 'G': 0.001, 'T': 0.032}",,,,,,,1
61,AGGTGGGGG,CCCCCACCT,WCCCCAYCT,613,621,-0.21673865456163793,9,"{'A': 0.594487, 'C': 0.117546, 'G': 0.009385, 'T': 0.278582}","{'A': 0.052221, 'C': 0.903089, 'G': 0.036388, 'T': 0.008303}","{'A': 0.014864, 'C': 0.967897, 'G': 0.015135, 'T': 0.002104}","{'A': 0.026829, 'C': 0.818252, 'G': 0.076525, 'T': 0.078394}","{'A': 0.005378, 'C': 0.971255, 'G': 0.001728, 'T': 0.021639}","{'A': 0.895012, 'C': 0.017486, 'G': 0.012111, 'T': 0.075392}","{'A': 0.0, 'C': 0.19473, 'G': 0.007818, 'T': 0.797452}","{'A': 0.016364, 'C': 0.920193, 'G': 0.028721, 'T': 0.034721}","{'A': 0.097353, 'C': 0.043019, 'G': 0.00412, 'T': 0.855507}",,,,,,1
62,CGGAGGGA,TCCCTCCG,KYBSTSCG,267,274,-0.21863946441582127,8,"{'A': 0.001, 'C': 0.001, 'G': 0.395, 'T': 0.603}","{'A': 0.001, 'C': 0.671, 'G': 0.001, 'T': 0.327}","{'A': 0.001, 'C': 0.242, 'G': 0.298, 'T': 0.459}","{'A': 0.112, 'C': 0.465, 'G': 0.194, 'T': 0.229}","{'A': 0.001, 'C': 0.017, 'G': 0.001, 'T': 0.981}","{'A': 0.001, 'C': 0.494, 'G': 0.309, 'T': 0.196}","{'A': 0.001, 'C': 0.81, 'G': 0.188, 'T': 0.001}","{'A': 0.001, 'C': 0.001, 'G': 0.997, 'T': 0.001}",,,,,,,1
63,TTCTGCGG,CCGCAGAA,SCGSMRAS,262,269,-0.21874201369260737,8,"{'A': 0.001, 'C': 0.636, 'G': 0.362, 'T': 0.001}","{'A': 0.001, 'C': 0.794, 'G': 0.204, 'T': 0.001}","{'A': 0.001, 'C': 0.001, 'G': 0.997, 'T': 0.001}","{'A': 0.001, 'C': 0.507, 'G': 0.491, 'T': 0.001}","{'A': 0.532, 'C': 0.466, 'G': 0.001, 'T': 0.001}","{'A': 0.464, 'C': 0.001, 'G': 0.534, 'T': 0.001}","{'A': 0.997, 'C': 0.001, 'G': 0.001, 'T': 0.001}","{'A': 0.246, 'C': 0.235, 'G': 0.518, 'T': 0.001}",,,,,,,1
64,CGAAGGGCG,CGCCCTTCG,CGAGGGGCG,70,78,-0.2205049862447348,9,"{'A': 0.028733, 'C': 0.850935, 'G': 0.097845, 'T': 0.022487}","{'A': 0.007235, 'C': 0.010158, 'G': 0.982607, 'T': 0.0}","{'A': 0.864608, 'C': 0.079024, 'G': 0.034355, 'T': 0.022012}","{'A': 0.059008, 'C': 0.027103, 'G': 0.899772, 'T': 0.014117}","{'A': 0.034026, 'C': 0.028092, 'G': 0.701449, 'T': 0.236433}","{'A': 0.02399, 'C': 0.01859, 'G': 0.786541, 'T': 0.170879}","{'A': 0.176174, 'C': 0.027651, 'G': 0.646563, 'T': 0.149611}","{'A': 0.09006, 'C': 0.775245, 'G': 0.099586, 'T': 0.035109}","{'A': 0.025367, 'C': 0.096254, 'G': 0.878378, 'T': 0.0}",,,,,,1
65,CGGTGCCG,CGGCACCG,CGGCTCCG,785,792,-0.22099694858688856,8,"{'A': 0.024, 'C': 0.881, 'G': 0.07, 'T': 0.025}","{'A': 0.031, 'C': 0.052, 'G': 0.877, 'T': 0.04}","{'A': 0.001, 'C': 0.058, 'G': 0.94, 'T': 0.001}","{'A': 0.083, 'C': 0.872, 'G': 0.032, 'T': 0.013}","{'A': 0.045, 'C': 0.001, 'G': 0.025, 'T': 0.929}","{'A': 0.032, 'C': 0.917, 'G': 0.033, 'T': 0.018}","{'A': 0.024, 'C': 0.808, 'G': 0.037, 'T': 0.131}","{'A': 0.061, 'C': 0.041, 'G': 0.808, 'T': 0.09}",,,,,,,1
66,GAACCCCAG,CTGGGGTTC,CWGGAGTGC,149,157,-0.22243467136778225,9,"{'A': 0.005221, 'C': 0.974828, 'G': 0.017264, 'T': 0.002687}","{'A': 0.265522, 'C': 0.0, 'G': 0.012462, 'T': 0.722016}","{'A': 0.001721, 'C': 0.000122, 'G': 0.998158, 'T': 0.0}","{'A': 0.011632, 'C': 0.025298, 'G': 0.959959, 'T': 0.003112}","{'A': 0.851186, 'C': 0.009786, 'G': 0.069901, 'T': 0.069127}","{'A': 0.001382, 'C': 0.022435, 'G': 0.976183, 'T': 0.0}","{'A': 0.064224, 'C': 0.02027, 'G': 0.044276, 'T': 0.87123}","{'A': 0.04605, 'C': 0.047585, 'G': 0.63215, 'T': 0.274215}","{'A': 0.002905, 'C': 0.905571, 'G': 0.057596, 'T': 0.033929}",,,,,,1
67,TTTCTCCG,CGGAGAAA,KYBSTSCG,909,916,-0.2229116454098058,8,"{'A': 0.001, 'C': 0.001, 'G': 0.395, 'T': 0.603}","{'A': 0.001, 'C': 0.671, 'G': 0.001, 'T': 0.327}","{'A': 0.001, 'C': 0.242, 'G': 0.298, 'T': 0.459}","{'A': 0.112, 'C': 0.465, 'G': 0.194, 'T': 0.229}","{'A': 0.001, 'C': 0.017, 'G': 0.001, 'T': 0.981}","{'A': 0.001, 'C': 0.494, 'G': 0.309, 'T': 0.196}","{'A': 0.001, 'C': 0.81, 'G': 0.188, 'T': 0.001}","{'A': 0.001, 'C': 0.001, 'G': 0.997, 'T': 0.001}",,,,,,,1
68,ACGGCGAG,CTCGCCGT,SSGGSGAG,47,54,-0.22425105950009727,8,"{'A': 0.064, 'C': 0.286, 'G': 0.569, 'T': 0.081}","{'A': 0.001, 'C': 0.531, 'G': 0.467, 'T': 0.001}","{'A': 0.001, 'C': 0.001, 'G': 0.997, 'T': 0.001}","{'A': 0.001, 'C': 0.001, 'G': 0.997, 'T': 0.001}","{'A': 0.001, 'C': 0.48, 'G': 0.518, 'T': 0.001}","{'A': 0.001, 'C': 0.001, 'G': 0.997, 'T': 0.001}","{'A': 0.997, 'C': 0.001, 'G': 0.001, 'T': 0.001}","{'A': 0.001, 'C': 0.001, 'G': 0.997, 'T': 0.001}",,,,,,,1
69,TCCGCGCC,GGCGCGGA,TCCSCGSV,4,11,-0.22476610113980305,8,"{'A': 0.072, 'C': 0.002, 'G': 0.001, 'T': 0.925}","{'A': 0.001, 'C': 0.782, 'G': 0.069, 'T': 0.148}","{'A': 0.001, 'C': 0.757, 'G': 0.001, 'T': 0.241}","{'A': 0.18, 'C': 0.416, 'G': 0.403, 'T': 0.001}","{'A': 0.153, 'C': 0.617, 'G': 0.11, 'T': 0.12}","{'A': 0.001, 'C': 0.001, 'G': 0.834, 'T': 0.164}","{'A': 0.189, 'C': 0.445, 'G': 0.35, 'T': 0.017}","{'A': 0.272, 'C': 0.315, 'G': 0.373, 'T': 0.04}",,,,,,,1
70,CGCTGCTCA,TGAGCAGCG,CGCCGCGCA,125,133,-0.22482780374154426,9,"{'A': 0.035115, 'C': 0.85571, 'G': 0.084446, 'T': 0.024729}","{'A': 0.042812, 'C': 0.030232, 'G': 0.770928, 'T': 0.156029}","{'A': 0.016206, 'C': 0.928444, 'G': 0.044347, 'T': 0.011003}","{'A': 0.03118, 'C': 0.755943, 'G': 0.032373, 'T': 0.180504}","{'A': 0.117113, 'C': 0.016862, 'G': 0.813609, 'T': 0.052417}","{'A': 0.158108, 'C': 0.69255, 'G': 0.041844, 'T': 0.107498}","{'A': 0.016809, 'C': 0.020861, 'G': 0.759335, 'T': 0.202996}","{'A': 0.029514, 'C': 0.870239, 'G': 0.013659, 'T': 0.086588}","{'A': 0.860942, 'C': 0.097499, 'G': 0.0, 'T': 0.041559}",,,,,,1
71,AGATGGGCT,AGCCCATCT,WCCCCAYCT,690,698,-0.22546822918029324,9,"{'A': 0.594487, 'C': 0.117546, 'G': 0.009385, 'T': 0.278582}","{'A': 0.052221, 'C': 0.903089, 'G': 0.036388, 'T': 0.008303}","{'A': 0.014864, 'C': 0.967897, 'G': 0.015135, 'T': 0.002104}","{'A': 0.026829, 'C': 0.818252, 'G': 0.076525, 'T': 0.078394}","{'A': 0.005378, 'C': 0.971255, 'G': 0.001728, 'T': 0.021639}","{'A': 0.895012, 'C': 0.017486, 'G': 0.012111, 'T': 0.075392}","{'A': 0.0, 'C': 0.19473, 'G': 0.007818, 'T': 0.797452}","{'A': 0.016364, 'C': 0.920193, 'G': 0.028721, 'T': 0.034721}","{'A': 0.097353, 'C': 0.043019, 'G': 0.00412, 'T': 0.855507}",,,,,,1
72,GCGGCAAG,CTTGCCGC,SCGSMRAS,631,638,-0.22547068266291798,8,"{'A': 0.001, 'C': 0.636, 'G': 0.362, 'T': 0.001}","{'A': 0.001, 'C': 0.794, 'G': 0.204, 'T': 0.001}","{'A': 0.001, 'C': 0.001, 'G': 0.997, 'T': 0.001}","{'A': 0.001, 'C': 0.507, 'G': 0.491, 'T': 0.001}","{'A': 0.532, 'C': 0.466, 'G': 0.001, 'T': 0.001}","{'A': 0.464, 'C': 0.001, 'G': 0.534, 'T': 0.001}","{'A': 0.997, 'C': 0.001, 'G': 0.001, 'T': 0.001}","{'A': 0.246, 'C': 0.235, 'G': 0.518, 'T': 0.001}",,,,,,,1
73,TAGGGCAC,GTGCCCTA,TAGGGCGC,199,206,-0.22556321568296078,8,"{'A': 0.033, 'C': 0.132, 'G': 0.081, 'T': 0.754}","{'A': 0.871, 'C': 0.001, 'G': 0.127, 'T': 0.001}","{'A': 0.023, 'C': 0.015, 'G': 0.961, 'T': 0.001}","{'A': 0.001, 'C': 0.074, 'G': 0.892, 'T': 0.033}","{'A': 0.023, 'C': 0.019, 'G': 0.941, 'T': 0.017}","{'A': 0.076, 'C': 0.832, 'G': 0.091, 'T': 0.001}","{'A': 0.041, 'C': 0.001, 'G': 0.902, 'T': 0.056}","{'A': 0.046, 'C': 0.868, 'G': 0.066, 'T': 0.02}",,,,,,,1
74,GTCAGTTTC,GAAACTGAC,GAAAATKAC,1003,1011,-0.22560189654973348,9,"{'A': 0.0, 'C': 0.055771, 'G': 0.918331, 'T': 0.025898}","{'A': 0.719571, 'C': 0.159841, 'G': 0.081555, 'T': 0.039034}","{'A': 0.822639, 'C': 0.011682, 'G': 0.034, 'T': 0.131679}","{'A': 0.968997, 'C': 0.0054, 'G': 0.014119, 'T': 0.011484}","{'A': 0.875048, 'C': 0.059377, 'G': 0.001935, 'T': 0.06364}","{'A': 0.019513, 'C': 0.029377, 'G': 0.008957, 'T': 0.942153}","{'A': 0.044851, 'C': 0.017645, 'G': 0.367589, 'T': 0.569916}","{'A': 0.91815, 'C': 0.028644, 'G': 0.053206, 'T': 0.0}","{'A': 0.013783, 'C': 0.937481, 'G': 0.048736, 'T': 0.0}",,,,,,1
75,CCTCTGGTG,CACCAGAGG,CACCTGWGG,974,982,-0.2260364034074456,9,"{'A': 0.00485, 'C': 0.95095, 'G': 0.014359, 'T': 0.029841}","{'A': 0.939412, 'C': 0.0, 'G': 0.013712, 'T': 0.046876}","{'A': 0.003048, 'C': 0.894863, 'G': 0.029848, 'T': 0.07224}","{'A': 0.010392, 'C': 0.964444, 'G': 0.022038, 'T': 0.003127}","{'A': 0.032162, 'C': 0.008179, 'G': 0.003714, 'T': 0.955946}","{'A': 0.0, 'C': 0.035488, 'G': 0.964512, 'T': 0.0}","{'A': 0.482672, 'C': 0.10735, 'G': 0.0, 'T': 0.409978}","{'A': 0.079828, 'C': 0.011399, 'G': 0.906983, 'T': 0.00179}","{'A': 0.046871, 'C': 0.060381, 'G': 0.882517, 'T': 0.010232}",,,,,,1
76,TCCCCGGG,CCCGGGGA,TCCSCGSV,1243,1250,-0.22690427665554502,8,"{'A': 0.072, 'C': 0.002, 'G': 0.001, 'T': 0.925}","{'A': 0.001, 'C': 0.782, 'G': 0.069, 'T': 0.148}","{'A': 0.001, 'C': 0.757, 'G': 0.001, 'T': 0.241}","{'A': 0.18, 'C': 0.416, 'G': 0.403, 'T': 0.001}","{'A': 0.153, 'C': 0.617, 'G': 0.11, 'T': 0.12}","{'A': 0.001, 'C': 0.001, 'G': 0.834, 'T': 0.164}","{'A': 0.189, 'C': 0.445, 'G': 0.35, 'T': 0.017}","{'A': 0.272, 'C': 0.315, 'G': 0.373, 'T': 0.04}",,,,,,,1
77,AAGGGCGC,GCGCCCTT,TAGGGCGC,72,79,-0.2276175563291708,8,"{'A': 0.033, 'C': 0.132, 'G': 0.081, 'T': 0.754}","{'A': 0.871, 'C': 0.001, 'G': 0.127, 'T': 0.001}","{'A': 0.023, 'C': 0.015, 'G': 0.961, 'T': 0.001}","{'A': 0.001, 'C': 0.074, 'G': 0.892, 'T': 0.033}","{'A': 0.023, 'C': 0.019, 'G': 0.941, 'T': 0.017}","{'A': 0.076, 'C': 0.832, 'G': 0.091, 'T': 0.001}","{'A': 0.041, 'C': 0.001, 'G': 0.902, 'T': 0.056}","{'A': 0.046, 'C': 0.868, 'G': 0.066, 'T': 0.02}",,,,,,,1
78,GCAGGGTGGG,CCCACCCTGC,known-ING4,870,879,-0.2298010066918979,10,"{'A': 0.270052, 'C': 0.182187, 'G': 0.500153, 'T': 0.047608}","{'A': 0.046576, 'C': 0.863629, 'G': 0.022863, 'T': 0.066932}","{'A': 0.010679, 'C': 0.971559, 'G': 0.006708, 'T': 0.011055}","{'A': 0.866505, 'C': 0.020095, 'G': 0.100047, 'T': 0.013354}","{'A': 0.009325, 'C': 0.959106, 'G': 0.022675, 'T': 0.008893}","{'A': 0.021169, 'C': 0.900016, 'G': 0.021551, 'T': 0.057264}","{'A': 0.79955, 'C': 0.076465, 'G': 0.102182, 'T': 0.021802}","{'A': 0.04604, 'C': 0.106605, 'G': 0.086593, 'T': 0.760761}","{'A': 0.040748, 'C': 0.111597, 'G': 0.800536, 'T': 0.047119}","{'A': 0.023871, 'C': 0.945576, 'G': 0.018535, 'T': 0.012018}",,,,,1
79,ACTGGAGAA,TTCTCCAGT,ACAGGGGAW,739,747,-0.23056090012120695,9,"{'A': 0.822866, 'C': 0.119683, 'G': 0.0385, 'T': 0.018951}","{'A': 0.075103, 'C': 0.911668, 'G': 0.013229, 'T': 0.0}","{'A': 0.735003, 'C': 0.020223, 'G': 0.01067, 'T': 0.234103}","{'A': 0.004462, 'C': 0.018635, 'G': 0.970349, 'T': 0.006553}","{'A': 0.056246, 'C': 0.017253, 'G': 0.91868, 'T': 0.007821}","{'A': 0.271968, 'C': 0.008154, 'G': 0.67931, 'T': 0.040568}","{'A': 0.17783, 'C': 0.00991, 'G': 0.803365, 'T': 0.008895}","{'A': 0.909181, 'C': 0.063578, 'G': 0.023461, 'T': 0.003781}","{'A': 0.270524, 'C': 0.042035, 'G': 0.090442, 'T': 0.597}",,,,,,1
80,GCGCCGGA,TCCGGCGC,CCGMYVGA,966,973,-0.23241653997885747,8,"{'A': 0.001, 'C': 0.782, 'G': 0.216, 'T': 0.001}","{'A': 0.001, 'C': 0.997, 'G': 0.001, 'T': 0.001}","{'A': 0.001, 'C': 0.001, 'G': 0.997, 'T': 0.001}","{'A': 0.401, 'C': 0.597, 'G': 0.001, 'T': 0.001}","{'A': 0.197, 'C': 0.329, 'G': 0.132, 'T': 0.342}","{'A': 0.249, 'C': 0.229, 'G': 0.401, 'T': 0.121}","{'A': 0.178, 'C': 0.001, 'G': 0.82, 'T': 0.001}","{'A': 0.997, 'C': 0.001, 'G': 0.001, 'T': 0.001}",,,,,,,1
81,CGCAGCGA,TCGCTGCG,KYBSTSCG,77,84,-0.23281041084119486,8,"{'A': 0.001, 'C': 0.001, 'G': 0.395, 'T': 0.603}","{'A': 0.001, 'C': 0.671, 'G': 0.001, 'T': 0.327}","{'A': 0.001, 'C': 0.242, 'G': 0.298, 'T': 0.459}","{'A': 0.112, 'C': 0.465, 'G': 0.194, 'T': 0.229}","{'A': 0.001, 'C': 0.017, 'G': 0.001, 'T': 0.981}","{'A': 0.001, 'C': 0.494, 'G': 0.309, 'T': 0.196}","{'A': 0.001, 'C': 0.81, 'G': 0.188, 'T': 0.001}","{'A': 0.001, 'C': 0.001, 'G': 0.997, 'T': 0.001}",,,,,,,1
82,GCCGGGCCGCT,AGCGGCCCGGC,known-SMPX,439,449,-0.23309178134401287,11,"{'A': 0.033701, 'C': 0.538246, 'G': 0.18446, 'T': 0.243593}","{'A': 0.030678, 'C': 0.872538, 'G': 0.070042, 'T': 0.026742}","{'A': 0.121742, 'C': 0.667997, 'G': 0.088283, 'T': 0.121978}","{'A': 0.089046, 'C': 0.117848, 'G': 0.740384, 'T': 0.052721}","{'A': 0.113786, 'C': 0.075003, 'G': 0.788173, 'T': 0.023037}","{'A': 0.028587, 'C': 0.07872, 'G': 0.879812, 'T': 0.012881}","{'A': 0.093569, 'C': 0.720174, 'G': 0.106406, 'T': 0.079851}","{'A': 0.114206, 'C': 0.658087, 'G': 0.069686, 'T': 0.158021}","{'A': 0.021331, 'C': 0.046833, 'G': 0.80229, 'T': 0.129545}","{'A': 0.042455, 'C': 0.894546, 'G': 0.039748, 'T': 0.02325}","{'A': 0.066882, 'C': 0.188856, 'G': 0.598914, 'T': 0.145347}",,,,1
83,CGAGTCTTG,CAAGACTCG,CAAGRCCMG,561,569,-0.2347864924894861,9,"{'A': 0.0, 'C': 0.97319, 'G': 0.025861, 'T': 0.000949}","{'A': 0.85921, 'C': 0.103236, 'G': 0.015235, 'T': 0.022318}","{'A': 0.813436, 'C': 0.011202, 'G': 0.151298, 'T': 0.024064}","{'A': 0.075533, 'C': 0.014522, 'G': 0.90576, 'T': 0.004185}","{'A': 0.593552, 'C': 0.016657, 'G': 0.360994, 'T': 0.028797}","{'A': 0.099484, 'C': 0.816486, 'G': 0.014887, 'T': 0.069142}","{'A': 0.001393, 'C': 0.877802, 'G': 0.009614, 'T': 0.111192}","{'A': 0.693861, 'C': 0.254521, 'G': 0.015684, 'T': 0.035935}","{'A': 0.024781, 'C': 0.030741, 'G': 0.912186, 'T': 0.032292}",,,,,,1
84,GCGAGTGTG,CACACTCGC,CGCGCTCGC,1083,1091,-0.23488314238426902,9,"{'A': 0.162017, 'C': 0.791417, 'G': 0.033409, 'T': 0.013157}","{'A': 0.179795, 'C': 0.033827, 'G': 0.739809, 'T': 0.046569}","{'A': 0.003278, 'C': 0.936869, 'G': 0.012896, 'T': 0.046956}","{'A': 0.167143, 'C': 0.066605, 'G': 0.742575, 'T': 0.023676}","{'A': 0.066235, 'C': 0.901889, 'G': 0.02392, 'T': 0.007956}","{'A': 0.093024, 'C': 0.062036, 'G': 0.0, 'T': 0.84494}","{'A': 0.002727, 'C': 0.59365, 'G': 0.191516, 'T': 0.212108}","{'A': 0.135146, 'C': 0.023981, 'G': 0.825204, 'T': 0.015669}","{'A': 0.016663, 'C': 0.924764, 'G': 0.05171, 'T': 0.006863}",,,,,,1
85,AGCTCCGG,CCGGAGCT,CGCTCCGS,1051,1058,-0.2349500184858549,8,"{'A': 0.099, 'C': 0.685, 'G': 0.123, 'T': 0.093}","{'A': 0.001, 'C': 0.001, 'G': 0.685, 'T': 0.313}","{'A': 0.001, 'C': 0.785, 'G': 0.147, 'T': 0.067}","{'A': 0.04, 'C': 0.079, 'G': 0.001, 'T': 0.88}","{'A': 0.124, 'C': 0.762, 'G': 0.001, 'T': 0.113}","{'A': 0.001, 'C': 0.853, 'G': 0.145, 'T': 0.001}","{'A': 0.001, 'C': 0.185, 'G': 0.813, 'T': 0.001}","{'A': 0.243, 'C': 0.223, 'G': 0.533, 'T': 0.001}",,,,,,,1
86,GCTCTCCTG,CAGGAGAGC,CWGGAGTGC,948,956,-0.23561375626862052,9,"{'A': 0.005221, 'C': 0.974828, 'G': 0.017264, 'T': 0.002687}","{'A': 0.265522, 'C': 0.0, 'G': 0.012462, 'T': 0.722016}","{'A': 0.001721, 'C': 0.000122, 'G': 0.998158, 'T': 0.0}","{'A': 0.011632, 'C': 0.025298, 'G': 0.959959, 'T': 0.003112}","{'A': 0.851186, 'C': 0.009786, 'G': 0.069901, 'T': 0.069127}","{'A': 0.001382, 'C': 0.022435, 'G': 0.976183, 'T': 0.0}","{'A': 0.064224, 'C': 0.02027, 'G': 0.044276, 'T': 0.87123}","{'A': 0.04605, 'C': 0.047585, 'G': 0.63215, 'T': 0.274215}","{'A': 0.002905, 'C': 0.905571, 'G': 0.057596, 'T': 0.033929}",,,,,,1
87,CGGTTCTTG,CAAGAACCG,CAAGRCCMG,362,370,-0.23666121243499535,9,"{'A': 0.0, 'C': 0.97319, 'G': 0.025861, 'T': 0.000949}","{'A': 0.85921, 'C': 0.103236, 'G': 0.015235, 'T': 0.022318}","{'A': 0.813436, 'C': 0.011202, 'G': 0.151298, 'T': 0.024064}","{'A': 0.075533, 'C': 0.014522, 'G': 0.90576, 'T': 0.004185}","{'A': 0.593552, 'C': 0.016657, 'G': 0.360994, 'T': 0.028797}","{'A': 0.099484, 'C': 0.816486, 'G': 0.014887, 'T': 0.069142}","{'A': 0.001393, 'C': 0.877802, 'G': 0.009614, 'T': 0.111192}","{'A': 0.693861, 'C': 0.254521, 'G': 0.015684, 'T': 0.035935}","{'A': 0.024781, 'C': 0.030741, 'G': 0.912186, 'T': 0.032292}",,,,,,1
88,CGCAGCCG,CGGCTGCG,CGGCTCCG,342,349,-0.237128473033618,8,"{'A': 0.024, 'C': 0.881, 'G': 0.07, 'T': 0.025}","{'A': 0.031, 'C': 0.052, 'G': 0.877, 'T': 0.04}","{'A': 0.001, 'C': 0.058, 'G': 0.94, 'T': 0.001}","{'A': 0.083, 'C': 0.872, 'G': 0.032, 'T': 0.013}","{'A': 0.045, 'C': 0.001, 'G': 0.025, 'T': 0.929}","{'A': 0.032, 'C': 0.917, 'G': 0.033, 'T': 0.018}","{'A': 0.024, 'C': 0.808, 'G': 0.037, 'T': 0.131}","{'A': 0.061, 'C': 0.041, 'G': 0.808, 'T': 0.09}",,,,,,,1
89,GCCGCCGG,CCGGCGGC,SSCGCSGG,436,443,-0.23807227584962742,8,"{'A': 0.219, 'C': 0.492, 'G': 0.287, 'T': 0.001}","{'A': 0.248, 'C': 0.253, 'G': 0.477, 'T': 0.021}","{'A': 0.001, 'C': 0.997, 'G': 0.001, 'T': 0.001}","{'A': 0.02, 'C': 0.09, 'G': 0.889, 'T': 0.001}","{'A': 0.228, 'C': 0.77, 'G': 0.001, 'T': 0.001}","{'A': 0.14, 'C': 0.343, 'G': 0.39, 'T': 0.127}","{'A': 0.224, 'C': 0.021, 'G': 0.754, 'T': 0.001}","{'A': 0.001, 'C': 0.026, 'G': 0.972, 'T': 0.001}",,,,,,,1
90,GGAGAGACC,GGTCTCTCC,GKAGAGACA,469,477,-0.23816213756725219,9,"{'A': 0.001662, 'C': 0.036265, 'G': 0.962073, 'T': 0.0}","{'A': 0.073123, 'C': 0.047939, 'G': 0.222487, 'T': 0.656451}","{'A': 0.926539, 'C': 0.002845, 'G': 0.070616, 'T': 0.0}","{'A': 0.064505, 'C': 0.026409, 'G': 0.909086, 'T': 0.0}","{'A': 0.917773, 'C': 0.036997, 'G': 0.044012, 'T': 0.001219}","{'A': 0.015469, 'C': 0.117018, 'G': 0.848677, 'T': 0.018836}","{'A': 0.851631, 'C': 0.00054, 'G': 0.031343, 'T': 0.116486}","{'A': 0.008144, 'C': 0.929397, 'G': 0.062459, 'T': 0.0}","{'A': 0.875392, 'C': 0.064659, 'G': 0.006768, 'T': 0.053181}",,,,,,1
91,GCCGCTCG,CGAGCGGC,CGAGCGGG,444,451,-0.23847975149835188,8,"{'A': 0.046, 'C': 0.775, 'G': 0.125, 'T': 0.054}","{'A': 0.045, 'C': 0.153, 'G': 0.681, 'T': 0.121}","{'A': 0.704, 'C': 0.087, 'G': 0.137, 'T': 0.072}","{'A': 0.064, 'C': 0.064, 'G': 0.825, 'T': 0.047}","{'A': 0.089, 'C': 0.756, 'G': 0.105, 'T': 0.05}","{'A': 0.118, 'C': 0.072, 'G': 0.747, 'T': 0.063}","{'A': 0.139, 'C': 0.065, 'G': 0.768, 'T': 0.028}","{'A': 0.096, 'C': 0.093, 'G': 0.748, 'T': 0.063}",,,,,,,1
92,GGGAGCGCG,CGCGCTCCC,GAGRGCGCC,816,824,-0.23932333370163444,9,"{'A': 0.0, 'C': 0.0, 'G': 1.0, 'T': 0.0}","{'A': 0.825089, 'C': 0.0, 'G': 0.145556, 'T': 0.029355}","{'A': 0.045005, 'C': 0.056592, 'G': 0.895415, 'T': 0.002988}","{'A': 0.652574, 'C': 0.067997, 'G': 0.257813, 'T': 0.021616}","{'A': 0.050598, 'C': 0.053199, 'G': 0.87644, 'T': 0.019763}","{'A': 0.0, 'C': 1.0, 'G': 0.0, 'T': 0.0}","{'A': 0.0, 'C': 0.035885, 'G': 0.938425, 'T': 0.02569}","{'A': 0.008344, 'C': 0.991656, 'G': 0.0, 'T': 0.0}","{'A': 0.046865, 'C': 0.772344, 'G': 0.10114, 'T': 0.079651}",,,,,,1
93,GGGCTGTGA,TCACAGCCC,GGGMYGCGA,591,599,-0.24107920425292853,9,"{'A': 0.188615, 'C': 0.023672, 'G': 0.774611, 'T': 0.013102}","{'A': 0.022079, 'C': 0.027144, 'G': 0.943687, 'T': 0.00709}","{'A': 0.025254, 'C': 0.002131, 'G': 0.960162, 'T': 0.012453}","{'A': 0.615692, 'C': 0.359494, 'G': 0.015898, 'T': 0.008915}","{'A': 0.087605, 'C': 0.256517, 'G': 0.0, 'T': 0.655878}","{'A': 0.051111, 'C': 0.019393, 'G': 0.913177, 'T': 0.016318}","{'A': 0.121577, 'C': 0.814878, 'G': 0.005011, 'T': 0.058534}","{'A': 0.023224, 'C': 0.024661, 'G': 0.933072, 'T': 0.019043}","{'A': 0.819668, 'C': 0.058039, 'G': 0.082208, 'T': 0.040086}",,,,,,1
94,CAGTTTCTTT,AAAGAAACTG,DAAGTAAMTG,1005,1014,-0.2419550385896568,10,"{'A': 0.244714, 'C': 0.108654, 'G': 0.245479, 'T': 0.401153}","{'A': 0.845964, 'C': 0.013985, 'G': 0.035564, 'T': 0.104487}","{'A': 0.927227, 'C': 0.010108, 'G': 0.021088, 'T': 0.041577}","{'A': 0.077989, 'C': 0.030284, 'G': 0.865214, 'T': 0.026513}","{'A': 0.08189, 'C': 0.008446, 'G': 0.076025, 'T': 0.833639}","{'A': 0.820879, 'C': 0.044232, 'G': 0.132041, 'T': 0.002848}","{'A': 0.900507, 'C': 0.025262, 'G': 0.01038, 'T': 0.063852}","{'A': 0.357559, 'C': 0.521994, 'G': 0.026423, 'T': 0.094025}","{'A': 0.063155, 'C': 0.015132, 'G': 0.0, 'T': 0.921713}","{'A': 0.071219, 'C': 0.030017, 'G': 0.786812, 'T': 0.111952}",,,,,1
95,CCTCACGGCG,CGCCGTGAGG,CCTCGCGGCG,43,52,-0.2422611443549573,10,"{'A': 0.109, 'C': 0.678, 'G': 0.098, 'T': 0.115}","{'A': 0.092, 'C': 0.689, 'G': 0.083, 'T': 0.136}","{'A': 0.088, 'C': 0.1, 'G': 0.106, 'T': 0.706}","{'A': 0.085, 'C': 0.713, 'G': 0.107, 'T': 0.095}","{'A': 0.093, 'C': 0.106, 'G': 0.695, 'T': 0.106}","{'A': 0.098, 'C': 0.709, 'G': 0.11, 'T': 0.083}","{'A': 0.106, 'C': 0.098, 'G': 0.71, 'T': 0.086}","{'A': 0.103, 'C': 0.087, 'G': 0.717, 'T': 0.093}","{'A': 0.101, 'C': 0.683, 'G': 0.093, 'T': 0.123}","{'A': 0.099, 'C': 0.111, 'G': 0.701, 'T': 0.089}",,,,,1
96,ATATGTAATT,AATTACATAT,MATYACAAAD,1140,1149,-0.24272974471628833,10,"{'A': 0.778369, 'C': 0.202698, 'G': 0.011579, 'T': 0.007354}","{'A': 0.897139, 'C': 0.021698, 'G': 0.009553, 'T': 0.07161}","{'A': 0.013101, 'C': 0.075666, 'G': 0.03035, 'T': 0.880884}","{'A': 0.056906, 'C': 0.591574, 'G': 0.021648, 'T': 0.329872}","{'A': 0.951857, 'C': 0.0, 'G': 0.001598, 'T': 0.046545}","{'A': 0.0, 'C': 0.80918, 'G': 0.19082, 'T': 0.0}","{'A': 0.956434, 'C': 0.010829, 'G': 0.001092, 'T': 0.031646}","{'A': 0.86484, 'C': 0.046154, 'G': 0.014433, 'T': 0.074573}","{'A': 0.919056, 'C': 0.006617, 'G': 0.007797, 'T': 0.066529}","{'A': 0.323806, 'C': 0.129491, 'G': 0.181782, 'T': 0.36492}",,,,,1
97,CAGCGGCCC,GGGCCGCTG,CGGCCGCCG,117,125,-0.24326118899196153,9,"{'A': 0.115824, 'C': 0.603216, 'G': 0.143269, 'T': 0.137691}","{'A': 0.064926, 'C': 0.017298, 'G': 0.905953, 'T': 0.011822}","{'A': 0.039064, 'C': 0.048384, 'G': 0.893363, 'T': 0.019189}","{'A': 0.134331, 'C': 0.769029, 'G': 0.072647, 'T': 0.023993}","{'A': 0.062557, 'C': 0.867992, 'G': 0.014081, 'T': 0.05537}","{'A': 0.137515, 'C': 0.046803, 'G': 0.779949, 'T': 0.035733}","{'A': 0.028761, 'C': 0.802681, 'G': 0.107949, 'T': 0.060608}","{'A': 0.032814, 'C': 0.744146, 'G': 0.052606, 'T': 0.170434}","{'A': 0.009113, 'C': 0.090552, 'G': 0.78296, 'T': 0.117375}",,,,,,1
98,GGCTGGGGCA,TGCCCCAGCC,known-TFAP2A,695,704,-0.24326824070231723,10,"{'A': 0.211252, 'C': 0.365401, 'G': 0.024761, 'T': 0.398586}","{'A': 0.157295, 'C': 0.043694, 'G': 0.727558, 'T': 0.071454}","{'A': 0.025493, 'C': 0.864591, 'G': 0.056426, 'T': 0.05349}","{'A': 0.022421, 'C': 0.899089, 'G': 0.04472, 'T': 0.03377}","{'A': 0.062801, 'C': 0.040877, 'G': 0.025139, 'T': 0.871183}","{'A': 0.00218, 'C': 0.861664, 'G': 0.101239, 'T': 0.034917}","{'A': 0.605549, 'C': 0.090064, 'G': 0.150066, 'T': 0.154322}","{'A': 0.035644, 'C': 0.095609, 'G': 0.846614, 'T': 0.022133}","{'A': 0.007031, 'C': 0.961532, 'G': 0.012497, 'T': 0.01894}","{'A': 0.012856, 'C': 0.943407, 'G': 0.007167, 'T': 0.03657}",,,,,1
99,GGATCGCTG,CAGCGATCC,CCGCGCTCC,376,384,-0.24499109887557743,9,"{'A': 0.066909, 'C': 0.795816, 'G': 0.031892, 'T': 0.105383}","{'A': 0.254892, 'C': 0.623528, 'G': 0.074925, 'T': 0.046655}","{'A': 0.022408, 'C': 0.031309, 'G': 0.919216, 'T': 0.027068}","{'A': 0.098136, 'C': 0.839023, 'G': 0.039035, 'T': 0.023807}","{'A': 0.017482, 'C': 0.037192, 'G': 0.7897, 'T': 0.155626}","{'A': 0.084204, 'C': 0.756995, 'G': 0.010781, 'T': 0.14802}","{'A': 0.051239, 'C': 0.042864, 'G': 0.045559, 'T': 0.860337}","{'A': 0.01705, 'C': 0.810576, 'G': 0.08075, 'T': 0.091624}","{'A': 0.083274, 'C': 0.859929, 'G': 0.027774, 'T': 0.029022}",,,,,,1
0,GCGCGTTT,AAACGCGC,KCGCGTTT,816,823,-0.035915409575732915,8,"{'A': 0.001, 'C': 0.146, 'G': 0.527, 'T': 0.326}","{'A': 0.001, 'C': 0.997, 'G': 0.001, 'T': 0.001}","{'A': 0.001, 'C': 0.001, 'G': 0.997, 'T': 0.001}","{'A': 0.001, 'C': 0.997, 'G': 0.001, 'T': 0.001}","{'A': 0.001, 'C': 0.001, 'G': 0.997, 'T': 0.001}","{'A': 0.001, 'C': 0.001, 'G': 0.001, 'T': 0.997}","{'A': 0.001, 'C': 0.001, 'G': 0.001, 'T': 0.997}","{'A': 0.001, 'C': 0.001, 'G': 0.001, 'T': 0.997}",,,,,,,2
1,GCACCACTG,CAGTGGTGC,CAGTGGYGC,1945,1953,-0.05140248263871276,9,"{'A': 0.0, 'C': 0.996925, 'G': 0.003075, 'T': 0.0}","{'A': 0.972196, 'C': 0.0, 'G': 0.020733, 'T': 0.007071}","{'A': 0.076487, 'C': 0.0, 'G': 0.889354, 'T': 0.034159}","{'A': 0.011064, 'C': 0.004248, 'G': 0.0, 'T': 0.984688}","{'A': 0.001018, 'C': 0.000756, 'G': 0.998045, 'T': 0.000181}","{'A': 0.000326, 'C': 0.0, 'G': 0.993494, 'T': 0.00618}","{'A': 0.0, 'C': 0.281987, 'G': 0.037531, 'T': 0.680482}","{'A': 0.304438, 'C': 0.0, 'G': 0.684197, 'T': 0.011365}","{'A': 0.0, 'C': 0.879579, 'G': 0.006642, 'T': 0.113779}",,,,,,2
2,ATACGCGT,ACGCGTAT,MTACGCGY,228,235,-0.05742326759283068,8,"{'A': 0.552, 'C': 0.195, 'G': 0.123, 'T': 0.13}","{'A': 0.001, 'C': 0.001, 'G': 0.16, 'T': 0.838}","{'A': 0.997, 'C': 0.001, 'G': 0.001, 'T': 0.001}","{'A': 0.001, 'C': 0.997, 'G': 0.001, 'T': 0.001}","{'A': 0.001, 'C': 0.001, 'G': 0.997, 'T': 0.001}","{'A': 0.001, 'C': 0.997, 'G': 0.001, 'T': 0.001}","{'A': 0.001, 'C': 0.001, 'G': 0.997, 'T': 0.001}","{'A': 0.001, 'C': 0.236, 'G': 0.001, 'T': 0.762}",,,,,,,2
3,GCGCCCTA,TAGGGCGC,TAGGGCGC,8399,8406,-0.05776038058018498,8,"{'A': 0.033, 'C': 0.132, 'G': 0.081, 'T': 0.754}","{'A': 0.871, 'C': 0.001, 'G': 0.127, 'T': 0.001}","{'A': 0.023, 'C': 0.015, 'G': 0.961, 'T': 0.001}","{'A': 0.001, 'C': 0.074, 'G': 0.892, 'T': 0.033}","{'A': 0.023, 'C': 0.019, 'G': 0.941, 'T': 0.017}","{'A': 0.076, 'C': 0.832, 'G': 0.091, 'T': 0.001}","{'A': 0.041, 'C': 0.001, 'G': 0.902, 'T': 0.056}","{'A': 0.046, 'C': 0.868, 'G': 0.066, 'T': 0.02}",,,,,,,2
4,GCTCACTGC,GCAGTGAGC,GCAGTGAGC,10011,10019,-0.06744008495624672,9,"{'A': 0.053367, 'C': 0.028881, 'G': 0.900664, 'T': 0.017089}","{'A': 0.039709, 'C': 0.85412, 'G': 0.080257, 'T': 0.025914}","{'A': 0.850986, 'C': 0.03219, 'G': 0.028597, 'T': 0.088227}","{'A': 0.005217, 'C': 0.106931, 'G': 0.887413, 'T': 0.000439}","{'A': 0.079187, 'C': 0.017638, 'G': 0.10505, 'T': 0.798124}","{'A': 0.011418, 'C': 0.054351, 'G': 0.932394, 'T': 0.001836}","{'A': 0.795392, 'C': 0.031078, 'G': 0.08788, 'T': 0.08565}","{'A': 0.004923, 'C': 0.061262, 'G': 0.888304, 'T': 0.045512}","{'A': 0.036181, 'C': 0.809276, 'G': 0.10059, 'T': 0.053953}",,,,,,2
5,GTAATTTTC,GAAAATTAC,GAAAATKAC,3765,3773,-0.07461723341986638,9,"{'A': 0.0, 'C': 0.055771, 'G': 0.918331, 'T': 0.025898}","{'A': 0.719571, 'C': 0.159841, 'G': 0.081555, 'T': 0.039034}","{'A': 0.822639, 'C': 0.011682, 'G': 0.034, 'T': 0.131679}","{'A': 0.968997, 'C': 0.0054, 'G': 0.014119, 'T': 0.011484}","{'A': 0.875048, 'C': 0.059377, 'G': 0.001935, 'T': 0.06364}","{'A': 0.019513, 'C': 0.029377, 'G': 0.008957, 'T': 0.942153}","{'A': 0.044851, 'C': 0.017645, 'G': 0.367589, 'T': 0.569916}","{'A': 0.91815, 'C': 0.028644, 'G': 0.053206, 'T': 0.0}","{'A': 0.013783, 'C': 0.937481, 'G': 0.048736, 'T': 0.0}",,,,,,2
6,TCAGCTCAC,GTGAGCTGA,GTGAGCTGA,10166,10174,-0.0759452281024049,9,"{'A': 0.050134, 'C': 0.086844, 'G': 0.854198, 'T': 0.008824}","{'A': 0.089162, 'C': 0.065481, 'G': 0.081049, 'T': 0.764308}","{'A': 0.0, 'C': 0.031897, 'G': 0.968103, 'T': 0.0}","{'A': 0.80115, 'C': 0.013136, 'G': 0.174771, 'T': 0.010944}","{'A': 0.016258, 'C': 0.001836, 'G': 0.960486, 'T': 0.02142}","{'A': 0.117838, 'C': 0.820549, 'G': 0.05556, 'T': 0.006053}","{'A': 0.155877, 'C': 0.047206, 'G': 0.107352, 'T': 0.689565}","{'A': 0.0, 'C': 0.032714, 'G': 0.967286, 'T': 0.0}","{'A': 0.778583, 'C': 0.0, 'G': 0.045935, 'T': 0.175482}",,,,,,2
7,TCCAGTCTA,TAGACTGGA,TAGACTGGA,11283,11291,-0.07661999645925684,9,"{'A': 0.212626, 'C': 0.033972, 'G': 0.005137, 'T': 0.748265}","{'A': 0.872202, 'C': 0.034047, 'G': 0.057277, 'T': 0.036474}","{'A': 0.182733, 'C': 0.115334, 'G': 0.656931, 'T': 0.045002}","{'A': 0.902817, 'C': 0.039304, 'G': 0.05788, 'T': 0.0}","{'A': 0.037424, 'C': 0.930408, 'G': 0.032167, 'T': 0.0}","{'A': 0.097489, 'C': 0.006393, 'G': 0.003593, 'T': 0.892525}","{'A': 0.010079, 'C': 0.011716, 'G': 0.978205, 'T': 0.0}","{'A': 0.031056, 'C': 0.007089, 'G': 0.700751, 'T': 0.261104}","{'A': 0.927557, 'C': 0.035459, 'G': 0.036984, 'T': 0.0}",,,,,,2
8,CTGGGCATGG,CCATGCCCAG,CCRBGCCCAG,6667,6676,-0.07751655177629468,10,"{'A': 0.011397, 'C': 0.970868, 'G': 0.017735, 'T': 0.0}","{'A': 0.012844, 'C': 0.948593, 'G': 0.026483, 'T': 0.01208}","{'A': 0.619793, 'C': 0.030068, 'G': 0.321863, 'T': 0.028276}","{'A': 0.025113, 'C': 0.168076, 'G': 0.178169, 'T': 0.628642}","{'A': 0.127367, 'C': 0.009877, 'G': 0.834923, 'T': 0.027833}","{'A': 0.0048, 'C': 0.84374, 'G': 0.086842, 'T': 0.064618}","{'A': 0.03641, 'C': 0.867765, 'G': 0.089854, 'T': 0.005971}","{'A': 0.0, 'C': 0.981978, 'G': 0.0, 'T': 0.018022}","{'A': 0.808871, 'C': 0.011221, 'G': 0.12014, 'T': 0.059768}","{'A': 0.0, 'C': 0.03092, 'G': 0.963177, 'T': 0.005904}",,,,,2
9,CGCCCGCTC,GAGCGGGCG,CGCCCGCTY,8408,8416,-0.08359026727102838,9,"{'A': 0.042596, 'C': 0.957404, 'G': 0.0, 'T': 0.0}","{'A': 0.024804, 'C': 0.0229, 'G': 0.901373, 'T': 0.050923}","{'A': 0.0, 'C': 0.772881, 'G': 0.062732, 'T': 0.164387}","{'A': 0.017169, 'C': 0.890913, 'G': 0.050687, 'T': 0.041231}","{'A': 0.015299, 'C': 0.832531, 'G': 0.072962, 'T': 0.079207}","{'A': 0.030499, 'C': 0.024901, 'G': 0.925819, 'T': 0.018781}","{'A': 0.01069, 'C': 0.941699, 'G': 0.030823, 'T': 0.016788}","{'A': 0.010134, 'C': 0.0, 'G': 0.11679, 'T': 0.873076}","{'A': 0.059514, 'C': 0.469731, 'G': 0.0, 'T': 0.470755}",,,,,,2
10,GGGCATGGT,ACCATGCCC,ACCVKGCCC,3241,3249,-0.08803914683141952,9,"{'A': 0.801096, 'C': 0.059149, 'G': 0.059871, 'T': 0.079884}","{'A': 0.028653, 'C': 0.928407, 'G': 0.012181, 'T': 0.03076}","{'A': 0.011263, 'C': 0.907647, 'G': 0.009004, 'T': 0.072086}","{'A': 0.575651, 'C': 0.188981, 'G': 0.194077, 'T': 0.041292}","{'A': 0.014719, 'C': 0.141008, 'G': 0.217579, 'T': 0.626694}","{'A': 0.006303, 'C': 0.0275, 'G': 0.921743, 'T': 0.044453}","{'A': 0.031978, 'C': 0.926304, 'G': 0.034099, 'T': 0.007619}","{'A': 0.012713, 'C': 0.948841, 'G': 0.01036, 'T': 0.028086}","{'A': 0.100372, 'C': 0.817591, 'G': 0.001329, 'T': 0.080708}",,,,,,2
11,CGAGGGGCG,CGCCCCTCG,CGAGGGGCG,1108,1116,-0.08903592188977058,9,"{'A': 0.028733, 'C': 0.850935, 'G': 0.097845, 'T': 0.022487}","{'A': 0.007235, 'C': 0.010158, 'G': 0.982607, 'T': 0.0}","{'A': 0.864608, 'C': 0.079024, 'G': 0.034355, 'T': 0.022012}","{'A': 0.059008, 'C': 0.027103, 'G': 0.899772, 'T': 0.014117}","{'A': 0.034026, 'C': 0.028092, 'G': 0.701449, 'T': 0.236433}","{'A': 0.02399, 'C': 0.01859, 'G': 0.786541, 'T': 0.170879}","{'A': 0.176174, 'C': 0.027651, 'G': 0.646563, 'T': 0.149611}","{'A': 0.09006, 'C': 0.775245, 'G': 0.099586, 'T': 0.035109}","{'A': 0.025367, 'C': 0.096254, 'G': 0.878378, 'T': 0.0}",,,,,,2
12,CTCCCGCGG,CCGCGGGAG,CCGCGGGAG,2645,2653,-0.0908423336616553,9,"{'A': 0.064013, 'C': 0.793841, 'G': 0.065529, 'T': 0.076616}","{'A': 0.014745, 'C': 0.912556, 'G': 0.060954, 'T': 0.011746}","{'A': 0.073034, 'C': 0.030824, 'G': 0.816772, 'T': 0.07937}","{'A': 0.017903, 'C': 0.795904, 'G': 0.041158, 'T': 0.145035}","{'A': 0.03449, 'C': 0.034584, 'G': 0.764269, 'T': 0.166657}","{'A': 0.117142, 'C': 0.02393, 'G': 0.835027, 'T': 0.023901}","{'A': 0.023763, 'C': 0.0616, 'G': 0.896573, 'T': 0.018064}","{'A': 0.7443, 'C': 0.062494, 'G': 0.069677, 'T': 0.123529}","{'A': 0.131211, 'C': 0.022245, 'G': 0.758899, 'T': 0.087645}",,,,,,2
13,GTGGAGGTT,AACCTCCAC,AASCTCCRC,7781,7789,-0.09171339911704124,9,"{'A': 0.836637, 'C': 0.152859, 'G': 0.010289, 'T': 0.000215}","{'A': 0.900094, 'C': 0.075127, 'G': 0.021824, 'T': 0.002955}","{'A': 0.0, 'C': 0.739463, 'G': 0.257928, 'T': 0.002609}","{'A': 0.0, 'C': 0.971851, 'G': 0.019464, 'T': 0.008685}","{'A': 0.049144, 'C': 0.010971, 'G': 0.068846, 'T': 0.871038}","{'A': 0.003235, 'C': 0.95963, 'G': 0.005301, 'T': 0.031833}","{'A': 0.003231, 'C': 0.899887, 'G': 0.000528, 'T': 0.096354}","{'A': 0.373375, 'C': 0.005549, 'G': 0.617062, 'T': 0.004014}","{'A': 0.000787, 'C': 0.983477, 'G': 0.0, 'T': 0.015735}",,,,,,2
14,CGGCGGCGG,CCGCCGCCG,known-TEAD2,5571,5579,-0.0931653167421136,9,"{'A': 0.014051, 'C': 0.842671, 'G': 0.08023, 'T': 0.063048}","{'A': 0.10171, 'C': 0.702577, 'G': 0.108435, 'T': 0.087279}","{'A': 0.021102, 'C': 0.023001, 'G': 0.875985, 'T': 0.079912}","{'A': 0.051884, 'C': 0.835202, 'G': 0.068869, 'T': 0.044044}","{'A': 0.141042, 'C': 0.637688, 'G': 0.113762, 'T': 0.107509}","{'A': 0.017441, 'C': 0.09362, 'G': 0.840563, 'T': 0.048376}","{'A': 0.033106, 'C': 0.871055, 'G': 0.080911, 'T': 0.014928}","{'A': 0.032873, 'C': 0.82108, 'G': 0.053395, 'T': 0.092652}","{'A': 0.053356, 'C': 0.039728, 'G': 0.873499, 'T': 0.033417}",,,,,,2
15,CGGCGGCGG,CCGCCGCCG,known-TEAD2,4047,4055,-0.0931653167421136,9,"{'A': 0.014051, 'C': 0.842671, 'G': 0.08023, 'T': 0.063048}","{'A': 0.10171, 'C': 0.702577, 'G': 0.108435, 'T': 0.087279}","{'A': 0.021102, 'C': 0.023001, 'G': 0.875985, 'T': 0.079912}","{'A': 0.051884, 'C': 0.835202, 'G': 0.068869, 'T': 0.044044}","{'A': 0.141042, 'C': 0.637688, 'G': 0.113762, 'T': 0.107509}","{'A': 0.017441, 'C': 0.09362, 'G': 0.840563, 'T': 0.048376}","{'A': 0.033106, 'C': 0.871055, 'G': 0.080911, 'T': 0.014928}","{'A': 0.032873, 'C': 0.82108, 'G': 0.053395, 'T': 0.092652}","{'A': 0.053356, 'C': 0.039728, 'G': 0.873499, 'T': 0.033417}",,,,,,2
16,CCATGCCCA,TGGGCATGG,CCVTGCCCA,4558,4566,-0.09332728325502235,9,"{'A': 0.037321, 'C': 0.899099, 'G': 0.03925, 'T': 0.024331}","{'A': 0.009832, 'C': 0.868115, 'G': 0.008478, 'T': 0.113576}","{'A': 0.576648, 'C': 0.181493, 'G': 0.153367, 'T': 0.088493}","{'A': 0.043827, 'C': 0.043331, 'G': 0.148924, 'T': 0.763918}","{'A': 0.052561, 'C': 0.106265, 'G': 0.793187, 'T': 0.047987}","{'A': 0.053276, 'C': 0.81329, 'G': 0.034118, 'T': 0.099317}","{'A': 0.039918, 'C': 0.922088, 'G': 0.016137, 'T': 0.021857}","{'A': 0.046314, 'C': 0.924399, 'G': 0.00132, 'T': 0.027967}","{'A': 0.764644, 'C': 0.107317, 'G': 0.057516, 'T': 0.070523}",,,,,,2
17,TGGGCATGG,CCATGCCCA,CCVTGCCCA,6668,6676,-0.09332728325502235,9,"{'A': 0.037321, 'C': 0.899099, 'G': 0.03925, 'T': 0.024331}","{'A': 0.009832, 'C': 0.868115, 'G': 0.008478, 'T': 0.113576}","{'A': 0.576648, 'C': 0.181493, 'G': 0.153367, 'T': 0.088493}","{'A': 0.043827, 'C': 0.043331, 'G': 0.148924, 'T': 0.763918}","{'A': 0.052561, 'C': 0.106265, 'G': 0.793187, 'T': 0.047987}","{'A': 0.053276, 'C': 0.81329, 'G': 0.034118, 'T': 0.099317}","{'A': 0.039918, 'C': 0.922088, 'G': 0.016137, 'T': 0.021857}","{'A': 0.046314, 'C': 0.924399, 'G': 0.00132, 'T': 0.027967}","{'A': 0.764644, 'C': 0.107317, 'G': 0.057516, 'T': 0.070523}",,,,,,2
18,GAGCGCGCG,CGCGCGCTC,CGCGCGCTC,3439,3447,-0.09366054354226955,9,"{'A': 0.020154, 'C': 0.725397, 'G': 0.028037, 'T': 0.226412}","{'A': 0.015831, 'C': 0.068756, 'G': 0.842289, 'T': 0.073124}","{'A': 0.015834, 'C': 0.846751, 'G': 0.061267, 'T': 0.076148}","{'A': 0.084127, 'C': 0.07272, 'G': 0.816626, 'T': 0.026528}","{'A': 0.076955, 'C': 0.79098, 'G': 0.02666, 'T': 0.105405}","{'A': 0.104692, 'C': 0.049921, 'G': 0.808573, 'T': 0.036813}","{'A': 0.025555, 'C': 0.715136, 'G': 0.121867, 'T': 0.137442}","{'A': 0.052703, 'C': 0.073877, 'G': 0.045945, 'T': 0.827475}","{'A': 0.029962, 'C': 0.897865, 'G': 0.043119, 'T': 0.029055}",,,,,,2
19,CAGTGGCGC,GCGCCACTG,CAGTGGYGC,1013,1021,-0.09391221092910146,9,"{'A': 0.0, 'C': 0.996925, 'G': 0.003075, 'T': 0.0}","{'A': 0.972196, 'C': 0.0, 'G': 0.020733, 'T': 0.007071}","{'A': 0.076487, 'C': 0.0, 'G': 0.889354, 'T': 0.034159}","{'A': 0.011064, 'C': 0.004248, 'G': 0.0, 'T': 0.984688}","{'A': 0.001018, 'C': 0.000756, 'G': 0.998045, 'T': 0.000181}","{'A': 0.000326, 'C': 0.0, 'G': 0.993494, 'T': 0.00618}","{'A': 0.0, 'C': 0.281987, 'G': 0.037531, 'T': 0.680482}","{'A': 0.304438, 'C': 0.0, 'G': 0.684197, 'T': 0.011365}","{'A': 0.0, 'C': 0.879579, 'G': 0.006642, 'T': 0.113779}",,,,,,2
20,CAGCGCGGG,CCCGCGCTG,CAGCGCGGG,9677,9685,-0.096686388982249,9,"{'A': 0.019432, 'C': 0.937341, 'G': 0.03064, 'T': 0.012586}","{'A': 0.850678, 'C': 0.081191, 'G': 0.031222, 'T': 0.036909}","{'A': 0.008751, 'C': 0.028156, 'G': 0.871203, 'T': 0.09189}","{'A': 0.115291, 'C': 0.837948, 'G': 0.030429, 'T': 0.016333}","{'A': 0.019485, 'C': 0.177066, 'G': 0.719763, 'T': 0.083687}","{'A': 0.209244, 'C': 0.706277, 'G': 0.050073, 'T': 0.034407}","{'A': 0.139145, 'C': 0.034483, 'G': 0.765727, 'T': 0.060645}","{'A': 0.019795, 'C': 0.045936, 'G': 0.904725, 'T': 0.029545}","{'A': 0.149652, 'C': 0.048989, 'G': 0.657761, 'T': 0.143597}",,,,,,2
21,CGCGCGGGG,CCCCGCGCG,known-SLC13A4,10073,10081,-0.09907157197129289,9,"{'A': 0.100164, 'C': 0.753602, 'G': 0.085639, 'T': 0.060596}","{'A': 0.068652, 'C': 0.772481, 'G': 0.036636, 'T': 0.122231}","{'A': 0.074598, 'C': 0.861669, 'G': 0.01337, 'T': 0.050362}","{'A': 0.056988, 'C': 0.765867, 'G': 0.0341, 'T': 0.143046}","{'A': 0.030808, 'C': 0.035411, 'G': 0.908479, 'T': 0.025301}","{'A': 0.074317, 'C': 0.717081, 'G': 0.18276, 'T': 0.025842}","{'A': 0.026137, 'C': 0.047753, 'G': 0.902239, 'T': 0.023871}","{'A': 0.09199, 'C': 0.679992, 'G': 0.135353, 'T': 0.092666}","{'A': 0.031351, 'C': 0.06948, 'G': 0.835841, 'T': 0.063329}",,,,,,2
22,GCGGGGAG,CTCCCCGC,SSGGSGAG,10076,10083,-0.10149845765249352,8,"{'A': 0.064, 'C': 0.286, 'G': 0.569, 'T': 0.081}","{'A': 0.001, 'C': 0.531, 'G': 0.467, 'T': 0.001}","{'A': 0.001, 'C': 0.001, 'G': 0.997, 'T': 0.001}","{'A': 0.001, 'C': 0.001, 'G': 0.997, 'T': 0.001}","{'A': 0.001, 'C': 0.48, 'G': 0.518, 'T': 0.001}","{'A': 0.001, 'C': 0.001, 'G': 0.997, 'T': 0.001}","{'A': 0.997, 'C': 0.001, 'G': 0.001, 'T': 0.001}","{'A': 0.001, 'C': 0.001, 'G': 0.997, 'T': 0.001}",,,,,,,2
23,CTCCCCGC,GCGGGGAG,SSGGSGAG,7313,7320,-0.10149845765249352,8,"{'A': 0.064, 'C': 0.286, 'G': 0.569, 'T': 0.081}","{'A': 0.001, 'C': 0.531, 'G': 0.467, 'T': 0.001}","{'A': 0.001, 'C': 0.001, 'G': 0.997, 'T': 0.001}","{'A': 0.001, 'C': 0.001, 'G': 0.997, 'T': 0.001}","{'A': 0.001, 'C': 0.48, 'G': 0.518, 'T': 0.001}","{'A': 0.001, 'C': 0.001, 'G': 0.997, 'T': 0.001}","{'A': 0.997, 'C': 0.001, 'G': 0.001, 'T': 0.001}","{'A': 0.001, 'C': 0.001, 'G': 0.997, 'T': 0.001}",,,,,,,2
24,CTGGAGTTC,GAACTCCAG,CWGGAGTGC,9695,9703,-0.10181899546701251,9,"{'A': 0.005221, 'C': 0.974828, 'G': 0.017264, 'T': 0.002687}","{'A': 0.265522, 'C': 0.0, 'G': 0.012462, 'T': 0.722016}","{'A': 0.001721, 'C': 0.000122, 'G': 0.998158, 'T': 0.0}","{'A': 0.011632, 'C': 0.025298, 'G': 0.959959, 'T': 0.003112}","{'A': 0.851186, 'C': 0.009786, 'G': 0.069901, 'T': 0.069127}","{'A': 0.001382, 'C': 0.022435, 'G': 0.976183, 'T': 0.0}","{'A': 0.064224, 'C': 0.02027, 'G': 0.044276, 'T': 0.87123}","{'A': 0.04605, 'C': 0.047585, 'G': 0.63215, 'T': 0.274215}","{'A': 0.002905, 'C': 0.905571, 'G': 0.057596, 'T': 0.033929}",,,,,,2
25,CTGGAGTTC,GAACTCCAG,CWGGAGTGC,6637,6645,-0.10181899546701251,9,"{'A': 0.005221, 'C': 0.974828, 'G': 0.017264, 'T': 0.002687}","{'A': 0.265522, 'C': 0.0, 'G': 0.012462, 'T': 0.722016}","{'A': 0.001721, 'C': 0.000122, 'G': 0.998158, 'T': 0.0}","{'A': 0.011632, 'C': 0.025298, 'G': 0.959959, 'T': 0.003112}","{'A': 0.851186, 'C': 0.009786, 'G': 0.069901, 'T': 0.069127}","{'A': 0.001382, 'C': 0.022435, 'G': 0.976183, 'T': 0.0}","{'A': 0.064224, 'C': 0.02027, 'G': 0.044276, 'T': 0.87123}","{'A': 0.04605, 'C': 0.047585, 'G': 0.63215, 'T': 0.274215}","{'A': 0.002905, 'C': 0.905571, 'G': 0.057596, 'T': 0.033929}",,,,,,2
26,GGCGGCGCT,AGCGCCGCC,AGCGCCGCC,5659,5667,-0.10183224178294625,9,"{'A': 0.924421, 'C': 0.005491, 'G': 0.02037, 'T': 0.049718}","{'A': 0.035963, 'C': 0.022955, 'G': 0.92633, 'T': 0.014752}","{'A': 0.28229, 'C': 0.692804, 'G': 0.012682, 'T': 0.012224}","{'A': 0.11343, 'C': 0.035777, 'G': 0.822569, 'T': 0.028224}","{'A': 0.123358, 'C': 0.680792, 'G': 0.055919, 'T': 0.139931}","{'A': 0.040909, 'C': 0.809593, 'G': 0.109144, 'T': 0.040355}","{'A': 0.094403, 'C': 0.034107, 'G': 0.8223, 'T': 0.049191}","{'A': 0.034752, 'C': 0.753123, 'G': 0.047322, 'T': 0.164803}","{'A': 0.026339, 'C': 0.727636, 'G': 0.167967, 'T': 0.078058}",,,,,,2
27,GCGGCGAG,CTCGCCGC,SSGGSGAG,6065,6072,-0.10563452294869924,8,"{'A': 0.064, 'C': 0.286, 'G': 0.569, 'T': 0.081}","{'A': 0.001, 'C': 0.531, 'G': 0.467, 'T': 0.001}","{'A': 0.001, 'C': 0.001, 'G': 0.997, 'T': 0.001}","{'A': 0.001, 'C': 0.001, 'G': 0.997, 'T': 0.001}","{'A': 0.001, 'C': 0.48, 'G': 0.518, 'T': 0.001}","{'A': 0.001, 'C': 0.001, 'G': 0.997, 'T': 0.001}","{'A': 0.997, 'C': 0.001, 'G': 0.001, 'T': 0.001}","{'A': 0.001, 'C': 0.001, 'G': 0.997, 'T': 0.001}",,,,,,,2
28,GCGGCGAG,CTCGCCGC,SSGGSGAG,10153,10160,-0.10563452294869924,8,"{'A': 0.064, 'C': 0.286, 'G': 0.569, 'T': 0.081}","{'A': 0.001, 'C': 0.531, 'G': 0.467, 'T': 0.001}","{'A': 0.001, 'C': 0.001, 'G': 0.997, 'T': 0.001}","{'A': 0.001, 'C': 0.001, 'G': 0.997, 'T': 0.001}","{'A': 0.001, 'C': 0.48, 'G': 0.518, 'T': 0.001}","{'A': 0.001, 'C': 0.001, 'G': 0.997, 'T': 0.001}","{'A': 0.997, 'C': 0.001, 'G': 0.001, 'T': 0.001}","{'A': 0.001, 'C': 0.001, 'G': 0.997, 'T': 0.001}",,,,,,,2
29,GGGGGGAG,CTCCCCCC,SSGGSGAG,3151,3158,-0.10847066271691314,8,"{'A': 0.064, 'C': 0.286, 'G': 0.569, 'T': 0.081}","{'A': 0.001, 'C': 0.531, 'G': 0.467, 'T': 0.001}","{'A': 0.001, 'C': 0.001, 'G': 0.997, 'T': 0.001}","{'A': 0.001, 'C': 0.001, 'G': 0.997, 'T': 0.001}","{'A': 0.001, 'C': 0.48, 'G': 0.518, 'T': 0.001}","{'A': 0.001, 'C': 0.001, 'G': 0.997, 'T': 0.001}","{'A': 0.997, 'C': 0.001, 'G': 0.001, 'T': 0.001}","{'A': 0.001, 'C': 0.001, 'G': 0.997, 'T': 0.001}",,,,,,,2
30,CGCGCCGGG,CCCGGCGCG,CCCGGCGCG,2934,2942,-0.10884389061311846,9,"{'A': 0.035912, 'C': 0.894451, 'G': 0.04452, 'T': 0.025117}","{'A': 0.06515, 'C': 0.716883, 'G': 0.106585, 'T': 0.111382}","{'A': 0.081651, 'C': 0.735211, 'G': 0.098336, 'T': 0.084801}","{'A': 0.052342, 'C': 0.111646, 'G': 0.732696, 'T': 0.103316}","{'A': 0.029595, 'C': 0.064284, 'G': 0.883683, 'T': 0.022438}","{'A': 0.132136, 'C': 0.689539, 'G': 0.134739, 'T': 0.043586}","{'A': 0.045219, 'C': 0.09287, 'G': 0.774816, 'T': 0.087095}","{'A': 0.044449, 'C': 0.781844, 'G': 0.117552, 'T': 0.056154}","{'A': 0.0415, 'C': 0.050166, 'G': 0.822035, 'T': 0.086299}",,,,,,2
31,CGCGCCGGG,CCCGGCGCG,CCCGGCGCG,2627,2635,-0.10884389061311846,9,"{'A': 0.035912, 'C': 0.894451, 'G': 0.04452, 'T': 0.025117}","{'A': 0.06515, 'C': 0.716883, 'G': 0.106585, 'T': 0.111382}","{'A': 0.081651, 'C': 0.735211, 'G': 0.098336, 'T': 0.084801}","{'A': 0.052342, 'C': 0.111646, 'G': 0.732696, 'T': 0.103316}","{'A': 0.029595, 'C': 0.064284, 'G': 0.883683, 'T': 0.022438}","{'A': 0.132136, 'C': 0.689539, 'G': 0.134739, 'T': 0.043586}","{'A': 0.045219, 'C': 0.09287, 'G': 0.774816, 'T': 0.087095}","{'A': 0.044449, 'C': 0.781844, 'G': 0.117552, 'T': 0.056154}","{'A': 0.0415, 'C': 0.050166, 'G': 0.822035, 'T': 0.086299}",,,,,,2
32,ACTTTCACC,GGTGAAAGT,ACTTTCACM,11816,11824,-0.11309012332909586,9,"{'A': 0.857959, 'C': 0.060229, 'G': 0.022878, 'T': 0.058934}","{'A': 0.135751, 'C': 0.781512, 'G': 0.0, 'T': 0.082738}","{'A': 0.02678, 'C': 0.011593, 'G': 0.014486, 'T': 0.947142}","{'A': 0.0, 'C': 0.014917, 'G': 0.004052, 'T': 0.981032}","{'A': 0.013114, 'C': 0.010172, 'G': 0.072195, 'T': 0.904519}","{'A': 0.009524, 'C': 0.973895, 'G': 0.004295, 'T': 0.012286}","{'A': 0.782983, 'C': 0.125517, 'G': 0.0, 'T': 0.0915}","{'A': 0.0, 'C': 0.818824, 'G': 0.166959, 'T': 0.014217}","{'A': 0.456121, 'C': 0.272782, 'G': 0.107186, 'T': 0.163911}",,,,,,2
33,GTGGAATGTG,CACATTCCAC,known-TEAD1,8762,8771,-0.11316926148277162,10,"{'A': 0.145795, 'C': 0.397604, 'G': 0.302569, 'T': 0.154032}","{'A': 0.89386, 'C': 0.038412, 'G': 0.014019, 'T': 0.053708}","{'A': 0.104294, 'C': 0.765095, 'G': 0.047307, 'T': 0.083303}","{'A': 0.694258, 'C': 0.135183, 'G': 0.045665, 'T': 0.124893}","{'A': 0.008537, 'C': 0.045894, 'G': 0.031982, 'T': 0.913586}","{'A': 0.006084, 'C': 0.045502, 'G': 0.030741, 'T': 0.917673}","{'A': 0.014557, 'C': 0.902244, 'G': 0.003834, 'T': 0.079365}","{'A': 0.014016, 'C': 0.969632, 'G': 0.001634, 'T': 0.014718}","{'A': 0.629346, 'C': 0.024385, 'G': 0.079763, 'T': 0.266506}","{'A': 0.039867, 'C': 0.847409, 'G': 0.096679, 'T': 0.016045}",,,,,2
34,TTCATGCCA,TGGCATGAA,TGGYGTGAW,5005,5013,-0.11951493145025127,9,"{'A': 0.099677, 'C': 0.060871, 'G': 0.018279, 'T': 0.821172}","{'A': 0.010101, 'C': 0.006547, 'G': 0.970799, 'T': 0.012552}","{'A': 0.012402, 'C': 0.008686, 'G': 0.978913, 'T': 0.0}","{'A': 0.003454, 'C': 0.637618, 'G': 0.0, 'T': 0.358928}","{'A': 0.298448, 'C': 0.064789, 'G': 0.636763, 'T': 0.0}","{'A': 0.03638, 'C': 0.0, 'G': 0.025809, 'T': 0.937811}","{'A': 0.007378, 'C': 0.021435, 'G': 0.971188, 'T': 0.0}","{'A': 0.957602, 'C': 0.023717, 'G': 0.018681, 'T': 0.0}","{'A': 0.648672, 'C': 0.024053, 'G': 0.0, 'T': 0.327275}",,,,,,2
35,CGCGCACA,TGTGCGCG,YGYGHGCG,12009,12016,-0.12041248765265367,8,"{'A': 0.001, 'C': 0.202, 'G': 0.001, 'T': 0.796}","{'A': 0.001, 'C': 0.001, 'G': 0.997, 'T': 0.001}","{'A': 0.001, 'C': 0.208, 'G': 0.001, 'T': 0.79}","{'A': 0.001, 'C': 0.231, 'G': 0.767, 'T': 0.001}","{'A': 0.252, 'C': 0.286, 'G': 0.001, 'T': 0.461}","{'A': 0.001, 'C': 0.001, 'G': 0.997, 'T': 0.001}","{'A': 0.001, 'C': 0.796, 'G': 0.001, 'T': 0.202}","{'A': 0.001, 'C': 0.001, 'G': 0.997, 'T': 0.001}",,,,,,,2
36,CGCGCGCCC,GGGCGCGCG,CGCSCGCCC,3442,3450,-0.12439769692706916,9,"{'A': 0.081056, 'C': 0.725993, 'G': 0.158031, 'T': 0.03492}","{'A': 0.045928, 'C': 0.038898, 'G': 0.885029, 'T': 0.030145}","{'A': 0.003728, 'C': 0.925425, 'G': 0.054926, 'T': 0.01592}","{'A': 0.011336, 'C': 0.623088, 'G': 0.333818, 'T': 0.031758}","{'A': 0.022273, 'C': 0.811346, 'G': 0.024253, 'T': 0.142128}","{'A': 0.032866, 'C': 0.013348, 'G': 0.913736, 'T': 0.04005}","{'A': 0.00688, 'C': 0.902792, 'G': 0.067864, 'T': 0.022464}","{'A': 0.05765, 'C': 0.705347, 'G': 0.095227, 'T': 0.141776}","{'A': 0.020467, 'C': 0.810331, 'G': 0.143942, 'T': 0.025261}",,,,,,2
37,GGGGGTGGGG,CCCCACCCCC,known-MAZ,8200,8209,-0.12489536021600385,10,"{'A': 0.346, 'C': 0.001, 'G': 0.652, 'T': 0.001}","{'A': 0.097, 'C': 0.001, 'G': 0.901, 'T': 0.001}","{'A': 0.059, 'C': 0.001, 'G': 0.939, 'T': 0.001}","{'A': 0.494, 'C': 0.001, 'G': 0.446, 'T': 0.059}","{'A': 0.049, 'C': 0.001, 'G': 0.711, 'T': 0.239}","{'A': 0.163, 'C': 0.001, 'G': 0.427, 'T': 0.408}","{'A': 0.001, 'C': 0.001, 'G': 0.997, 'T': 0.001}","{'A': 0.001, 'C': 0.001, 'G': 0.997, 'T': 0.001}","{'A': 0.001, 'C': 0.001, 'G': 0.997, 'T': 0.001}","{'A': 0.201, 'C': 0.001, 'G': 0.797, 'T': 0.001}",,,,,2
38,CCGCCCCC,GGGGGCGG,known-ZFP740,10300,10307,-0.12664691144827062,8,"{'A': 0.001, 'C': 0.435, 'G': 0.001, 'T': 0.563}","{'A': 0.001, 'C': 0.997, 'G': 0.001, 'T': 0.001}","{'A': 0.001, 'C': 0.525, 'G': 0.432, 'T': 0.042}","{'A': 0.001, 'C': 0.997, 'G': 0.001, 'T': 0.001}","{'A': 0.001, 'C': 0.756, 'G': 0.242, 'T': 0.001}","{'A': 0.001, 'C': 0.957, 'G': 0.041, 'T': 0.001}","{'A': 0.001, 'C': 0.72, 'G': 0.278, 'T': 0.001}","{'A': 0.001, 'C': 0.997, 'G': 0.001, 'T': 0.001}",,,,,,,2
39,GGGGGCGG,CCGCCCCC,known-ZFP740,9516,9523,-0.12664691144827062,8,"{'A': 0.001, 'C': 0.435, 'G': 0.001, 'T': 0.563}","{'A': 0.001, 'C': 0.997, 'G': 0.001, 'T': 0.001}","{'A': 0.001, 'C': 0.525, 'G': 0.432, 'T': 0.042}","{'A': 0.001, 'C': 0.997, 'G': 0.001, 'T': 0.001}","{'A': 0.001, 'C': 0.756, 'G': 0.242, 'T': 0.001}","{'A': 0.001, 'C': 0.957, 'G': 0.041, 'T': 0.001}","{'A': 0.001, 'C': 0.72, 'G': 0.278, 'T': 0.001}","{'A': 0.001, 'C': 0.997, 'G': 0.001, 'T': 0.001}",,,,,,,2
40,GGGGGCGG,CCGCCCCC,known-ZFP740,3389,3396,-0.12664691144827062,8,"{'A': 0.001, 'C': 0.435, 'G': 0.001, 'T': 0.563}","{'A': 0.001, 'C': 0.997, 'G': 0.001, 'T': 0.001}","{'A': 0.001, 'C': 0.525, 'G': 0.432, 'T': 0.042}","{'A': 0.001, 'C': 0.997, 'G': 0.001, 'T': 0.001}","{'A': 0.001, 'C': 0.756, 'G': 0.242, 'T': 0.001}","{'A': 0.001, 'C': 0.957, 'G': 0.041, 'T': 0.001}","{'A': 0.001, 'C': 0.72, 'G': 0.278, 'T': 0.001}","{'A': 0.001, 'C': 0.997, 'G': 0.001, 'T': 0.001}",,,,,,,2
41,GGAGCGCGCG,CGCGCGCTCC,SGCGSKCTCS,3438,3447,-0.12708327024309757,10,"{'A': 0.022286, 'C': 0.674635, 'G': 0.280989, 'T': 0.02209}","{'A': 0.032044, 'C': 0.005257, 'G': 0.941378, 'T': 0.021321}","{'A': 0.033156, 'C': 0.927896, 'G': 0.026853, 'T': 0.012095}","{'A': 0.021195, 'C': 0.056119, 'G': 0.80751, 'T': 0.115176}","{'A': 0.118531, 'C': 0.626867, 'G': 0.218818, 'T': 0.035784}","{'A': 0.032156, 'C': 0.048655, 'G': 0.612885, 'T': 0.306305}","{'A': 0.059193, 'C': 0.905511, 'G': 0.02563, 'T': 0.009666}","{'A': 0.052376, 'C': 0.052146, 'G': 0.005856, 'T': 0.889622}","{'A': 0.006418, 'C': 0.918698, 'G': 0.058079, 'T': 0.016805}","{'A': 0.168251, 'C': 0.396151, 'G': 0.238586, 'T': 0.197012}",,,,,2
42,CGCTCACA,TGTGAGCG,YGYGHGCG,9918,9925,-0.12728317419609103,8,"{'A': 0.001, 'C': 0.202, 'G': 0.001, 'T': 0.796}","{'A': 0.001, 'C': 0.001, 'G': 0.997, 'T': 0.001}","{'A': 0.001, 'C': 0.208, 'G': 0.001, 'T': 0.79}","{'A': 0.001, 'C': 0.231, 'G': 0.767, 'T': 0.001}","{'A': 0.252, 'C': 0.286, 'G': 0.001, 'T': 0.461}","{'A': 0.001, 'C': 0.001, 'G': 0.997, 'T': 0.001}","{'A': 0.001, 'C': 0.796, 'G': 0.001, 'T': 0.202}","{'A': 0.001, 'C': 0.001, 'G': 0.997, 'T': 0.001}",,,,,,,2
43,GCATGGTGGG,CCCACCATGC,known-ING4,3243,3252,-0.12786271321700676,10,"{'A': 0.270052, 'C': 0.182187, 'G': 0.500153, 'T': 0.047608}","{'A': 0.046576, 'C': 0.863629, 'G': 0.022863, 'T': 0.066932}","{'A': 0.010679, 'C': 0.971559, 'G': 0.006708, 'T': 0.011055}","{'A': 0.866505, 'C': 0.020095, 'G': 0.100047, 'T': 0.013354}","{'A': 0.009325, 'C': 0.959106, 'G': 0.022675, 'T': 0.008893}","{'A': 0.021169, 'C': 0.900016, 'G': 0.021551, 'T': 0.057264}","{'A': 0.79955, 'C': 0.076465, 'G': 0.102182, 'T': 0.021802}","{'A': 0.04604, 'C': 0.106605, 'G': 0.086593, 'T': 0.760761}","{'A': 0.040748, 'C': 0.111597, 'G': 0.800536, 'T': 0.047119}","{'A': 0.023871, 'C': 0.945576, 'G': 0.018535, 'T': 0.012018}",,,,,2
44,CCCACCATGC,GCATGGTGGG,known-ING4,4563,4572,-0.12786271321700676,10,"{'A': 0.270052, 'C': 0.182187, 'G': 0.500153, 'T': 0.047608}","{'A': 0.046576, 'C': 0.863629, 'G': 0.022863, 'T': 0.066932}","{'A': 0.010679, 'C': 0.971559, 'G': 0.006708, 'T': 0.011055}","{'A': 0.866505, 'C': 0.020095, 'G': 0.100047, 'T': 0.013354}","{'A': 0.009325, 'C': 0.959106, 'G': 0.022675, 'T': 0.008893}","{'A': 0.021169, 'C': 0.900016, 'G': 0.021551, 'T': 0.057264}","{'A': 0.79955, 'C': 0.076465, 'G': 0.102182, 'T': 0.021802}","{'A': 0.04604, 'C': 0.106605, 'G': 0.086593, 'T': 0.760761}","{'A': 0.040748, 'C': 0.111597, 'G': 0.800536, 'T': 0.047119}","{'A': 0.023871, 'C': 0.945576, 'G': 0.018535, 'T': 0.012018}",,,,,2
45,CGGGACGCCG,CGGCGTCCCG,CGGGMCGCCK,9653,9662,-0.1281668554669255,10,"{'A': 0.135559, 'C': 0.737959, 'G': 0.091521, 'T': 0.034961}","{'A': 0.025302, 'C': 0.012591, 'G': 0.918437, 'T': 0.043669}","{'A': 0.203268, 'C': 0.008384, 'G': 0.760941, 'T': 0.027407}","{'A': 0.007888, 'C': 0.0, 'G': 0.983148, 'T': 0.008964}","{'A': 0.415496, 'C': 0.433133, 'G': 0.025353, 'T': 0.126017}","{'A': 0.067414, 'C': 0.842693, 'G': 0.058923, 'T': 0.03097}","{'A': 0.029715, 'C': 0.050339, 'G': 0.885884, 'T': 0.034061}","{'A': 0.010496, 'C': 0.951492, 'G': 0.019617, 'T': 0.018394}","{'A': 0.130176, 'C': 0.823721, 'G': 0.014812, 'T': 0.031291}","{'A': 0.187264, 'C': 0.0, 'G': 0.424113, 'T': 0.388623}",,,,,2
46,ACAGCACTC,GAGTGCTGT,known-ZBTB3,4781,4789,-0.12978020142339575,9,"{'A': 0.755999, 'C': 0.056664, 'G': 0.056868, 'T': 0.130468}","{'A': 0.001293, 'C': 0.964327, 'G': 0.009351, 'T': 0.025029}","{'A': 0.215649, 'C': 0.033696, 'G': 0.006338, 'T': 0.744316}","{'A': 0.014481, 'C': 0.018738, 'G': 0.954246, 'T': 0.012536}","{'A': 0.020976, 'C': 0.909999, 'G': 0.022273, 'T': 0.046752}","{'A': 0.820694, 'C': 0.113914, 'G': 0.025739, 'T': 0.039653}","{'A': 0.02632, 'C': 0.936914, 'G': 0.019053, 'T': 0.017713}","{'A': 0.028415, 'C': 0.039369, 'G': 0.072322, 'T': 0.859894}","{'A': 0.007028, 'C': 0.752416, 'G': 0.040135, 'T': 0.200421}",,,,,,2
47,CAGGCGAGG,CCTCGCCTG,CCTCGCCCG,2852,2860,-0.129876559055569,9,"{'A': 0.172917, 'C': 0.813055, 'G': 0.0, 'T': 0.014028}","{'A': 0.131656, 'C': 0.786498, 'G': 0.028616, 'T': 0.05323}","{'A': 0.054177, 'C': 0.092655, 'G': 0.066622, 'T': 0.786545}","{'A': 0.0, 'C': 0.97266, 'G': 0.0, 'T': 0.02734}","{'A': 0.01484, 'C': 0.013102, 'G': 0.90046, 'T': 0.071598}","{'A': 0.003889, 'C': 0.925062, 'G': 0.033559, 'T': 0.037491}","{'A': 0.032409, 'C': 0.795972, 'G': 0.161451, 'T': 0.010167}","{'A': 0.01185, 'C': 0.62005, 'G': 0.093515, 'T': 0.274585}","{'A': 0.008027, 'C': 0.088246, 'G': 0.761025, 'T': 0.142703}",,,,,,2
48,CCGGAGCG,CGCTCCGG,CGCTCCGS,9261,9268,-0.12994309637399545,8,"{'A': 0.099, 'C': 0.685, 'G': 0.123, 'T': 0.093}","{'A': 0.001, 'C': 0.001, 'G': 0.685, 'T': 0.313}","{'A': 0.001, 'C': 0.785, 'G': 0.147, 'T': 0.067}","{'A': 0.04, 'C': 0.079, 'G': 0.001, 'T': 0.88}","{'A': 0.124, 'C': 0.762, 'G': 0.001, 'T': 0.113}","{'A': 0.001, 'C': 0.853, 'G': 0.145, 'T': 0.001}","{'A': 0.001, 'C': 0.185, 'G': 0.813, 'T': 0.001}","{'A': 0.243, 'C': 0.223, 'G': 0.533, 'T': 0.001}",,,,,,,2
49,CGCGCGCG,CGCGCGCG,CRCVCRCG,9247,9254,-0.13008089386436536,8,"{'A': 0.168, 'C': 0.83, 'G': 0.001, 'T': 0.001}","{'A': 0.456, 'C': 0.001, 'G': 0.542, 'T': 0.001}","{'A': 0.001, 'C': 0.997, 'G': 0.001, 'T': 0.001}","{'A': 0.282, 'C': 0.229, 'G': 0.488, 'T': 0.001}","{'A': 0.001, 'C': 0.997, 'G': 0.001, 'T': 0.001}","{'A': 0.394, 'C': 0.001, 'G': 0.604, 'T': 0.001}","{'A': 0.001, 'C': 0.997, 'G': 0.001, 'T': 0.001}","{'A': 0.305, 'C': 0.001, 'G': 0.693, 'T': 0.001}",,,,,,,2
50,GAATTACAA,TTGTAATTC,GAATCACAA,2521,2529,-0.1314248727279108,9,"{'A': 0.066803, 'C': 0.0, 'G': 0.691985, 'T': 0.241213}","{'A': 0.818916, 'C': 0.136584, 'G': 0.0445, 'T': 0.0}","{'A': 0.93154, 'C': 0.012979, 'G': 0.030984, 'T': 0.024497}","{'A': 0.135865, 'C': 0.0, 'G': 0.003909, 'T': 0.860226}","{'A': 0.140001, 'C': 0.586406, 'G': 0.075705, 'T': 0.197888}","{'A': 0.982368, 'C': 0.0, 'G': 0.00792, 'T': 0.009711}","{'A': 0.0, 'C': 0.934052, 'G': 0.064034, 'T': 0.001914}","{'A': 0.930598, 'C': 0.03733, 'G': 0.02495, 'T': 0.007122}","{'A': 0.855459, 'C': 0.011934, 'G': 0.103926, 'T': 0.028681}",,,,,,2
51,CGGGACGCCT,AGGCGTCCCG,CGGGMCGCCK,9470,9479,-0.13196216394035043,10,"{'A': 0.135559, 'C': 0.737959, 'G': 0.091521, 'T': 0.034961}","{'A': 0.025302, 'C': 0.012591, 'G': 0.918437, 'T': 0.043669}","{'A': 0.203268, 'C': 0.008384, 'G': 0.760941, 'T': 0.027407}","{'A': 0.007888, 'C': 0.0, 'G': 0.983148, 'T': 0.008964}","{'A': 0.415496, 'C': 0.433133, 'G': 0.025353, 'T': 0.126017}","{'A': 0.067414, 'C': 0.842693, 'G': 0.058923, 'T': 0.03097}","{'A': 0.029715, 'C': 0.050339, 'G': 0.885884, 'T': 0.034061}","{'A': 0.010496, 'C': 0.951492, 'G': 0.019617, 'T': 0.018394}","{'A': 0.130176, 'C': 0.823721, 'G': 0.014812, 'T': 0.031291}","{'A': 0.187264, 'C': 0.0, 'G': 0.424113, 'T': 0.388623}",,,,,2
52,CCCGCGGGCG,CGCCCGCGGG,MCCGCGGGCG,2647,2656,-0.13206677737255065,10,"{'A': 0.429031, 'C': 0.364091, 'G': 0.055121, 'T': 0.151757}","{'A': 0.151408, 'C': 0.763423, 'G': 0.054945, 'T': 0.030224}","{'A': 0.030876, 'C': 0.878112, 'G': 0.068499, 'T': 0.022513}","{'A': 0.149493, 'C': 0.013577, 'G': 0.816943, 'T': 0.019988}","{'A': 0.066159, 'C': 0.690069, 'G': 0.016857, 'T': 0.226915}","{'A': 0.028695, 'C': 0.023241, 'G': 0.913546, 'T': 0.034518}","{'A': 0.128715, 'C': 0.02034, 'G': 0.827689, 'T': 0.023256}","{'A': 0.137202, 'C': 0.049211, 'G': 0.748452, 'T': 0.065136}","{'A': 0.014142, 'C': 0.874212, 'G': 0.021035, 'T': 0.090612}","{'A': 0.047392, 'C': 0.052304, 'G': 0.702012, 'T': 0.198292}",,,,,2
53,CCAGGCCCAG,CTGGGCCTGG,CCRBGCCCAG,5968,5977,-0.1322736768462648,10,"{'A': 0.011397, 'C': 0.970868, 'G': 0.017735, 'T': 0.0}","{'A': 0.012844, 'C': 0.948593, 'G': 0.026483, 'T': 0.01208}","{'A': 0.619793, 'C': 0.030068, 'G': 0.321863, 'T': 0.028276}","{'A': 0.025113, 'C': 0.168076, 'G': 0.178169, 'T': 0.628642}","{'A': 0.127367, 'C': 0.009877, 'G': 0.834923, 'T': 0.027833}","{'A': 0.0048, 'C': 0.84374, 'G': 0.086842, 'T': 0.064618}","{'A': 0.03641, 'C': 0.867765, 'G': 0.089854, 'T': 0.005971}","{'A': 0.0, 'C': 0.981978, 'G': 0.0, 'T': 0.018022}","{'A': 0.808871, 'C': 0.011221, 'G': 0.12014, 'T': 0.059768}","{'A': 0.0, 'C': 0.03092, 'G': 0.963177, 'T': 0.005904}",,,,,2
54,CCAGGCCCAG,CTGGGCCTGG,CCRBGCCCAG,5269,5278,-0.1322736768462648,10,"{'A': 0.011397, 'C': 0.970868, 'G': 0.017735, 'T': 0.0}","{'A': 0.012844, 'C': 0.948593, 'G': 0.026483, 'T': 0.01208}","{'A': 0.619793, 'C': 0.030068, 'G': 0.321863, 'T': 0.028276}","{'A': 0.025113, 'C': 0.168076, 'G': 0.178169, 'T': 0.628642}","{'A': 0.127367, 'C': 0.009877, 'G': 0.834923, 'T': 0.027833}","{'A': 0.0048, 'C': 0.84374, 'G': 0.086842, 'T': 0.064618}","{'A': 0.03641, 'C': 0.867765, 'G': 0.089854, 'T': 0.005971}","{'A': 0.0, 'C': 0.981978, 'G': 0.0, 'T': 0.018022}","{'A': 0.808871, 'C': 0.011221, 'G': 0.12014, 'T': 0.059768}","{'A': 0.0, 'C': 0.03092, 'G': 0.963177, 'T': 0.005904}",,,,,2
55,GGCTCTGCG,CGCAGAGCC,CGCGGAGCC,7247,7255,-0.13438872931511572,9,"{'A': 0.08254, 'C': 0.827749, 'G': 0.026262, 'T': 0.063448}","{'A': 0.037055, 'C': 0.083423, 'G': 0.772645, 'T': 0.106878}","{'A': 0.03964, 'C': 0.900395, 'G': 0.036656, 'T': 0.023309}","{'A': 0.280322, 'C': 0.042609, 'G': 0.638072, 'T': 0.038997}","{'A': 0.017792, 'C': 0.061966, 'G': 0.911904, 'T': 0.008337}","{'A': 0.797481, 'C': 0.024824, 'G': 0.059554, 'T': 0.118141}","{'A': 0.006731, 'C': 0.079226, 'G': 0.899147, 'T': 0.014896}","{'A': 0.121628, 'C': 0.776947, 'G': 0.023667, 'T': 0.077758}","{'A': 0.026353, 'C': 0.752733, 'G': 0.043651, 'T': 0.177263}",,,,,,2
56,CCGGTGTGG,CCACACCGG,known-ZNF354C,9327,9335,-0.13491603785545908,9,"{'A': 0.003985, 'C': 0.956976, 'G': 0.020448, 'T': 0.018592}","{'A': 0.00319, 'C': 0.900465, 'G': 0.016739, 'T': 0.079606}","{'A': 0.810268, 'C': 0.0, 'G': 0.109281, 'T': 0.080451}","{'A': 0.049245, 'C': 0.699329, 'G': 0.012305, 'T': 0.239121}","{'A': 0.19129, 'C': 0.358601, 'G': 0.336097, 'T': 0.114012}","{'A': 0.021548, 'C': 0.864279, 'G': 0.077066, 'T': 0.037107}","{'A': 0.054795, 'C': 0.872729, 'G': 0.007896, 'T': 0.064579}","{'A': 0.032994, 'C': 0.019231, 'G': 0.947775, 'T': 0.0}","{'A': 0.039221, 'C': 0.035492, 'G': 0.914422, 'T': 0.010865}",,,,,,2
57,CGCCGGAG,CTCCGGCG,CYCSGGCG,9259,9266,-0.13975634028103062,8,"{'A': 0.183, 'C': 0.723, 'G': 0.093, 'T': 0.001}","{'A': 0.128, 'C': 0.17, 'G': 0.045, 'T': 0.657}","{'A': 0.001, 'C': 0.698, 'G': 0.064, 'T': 0.237}","{'A': 0.001, 'C': 0.424, 'G': 0.319, 'T': 0.256}","{'A': 0.001, 'C': 0.101, 'G': 0.731, 'T': 0.167}","{'A': 0.122, 'C': 0.001, 'G': 0.876, 'T': 0.001}","{'A': 0.001, 'C': 0.997, 'G': 0.001, 'T': 0.001}","{'A': 0.06, 'C': 0.001, 'G': 0.849, 'T': 0.09}",,,,,,,2
58,CTCCGCGC,GCGCGGAG,CKCYSCGS,2624,2631,-0.14080003235949756,8,"{'A': 0.001, 'C': 0.997, 'G': 0.001, 'T': 0.001}","{'A': 0.001, 'C': 0.001, 'G': 0.373, 'T': 0.625}","{'A': 0.001, 'C': 0.997, 'G': 0.001, 'T': 0.001}","{'A': 0.001, 'C': 0.621, 'G': 0.001, 'T': 0.377}","{'A': 0.001, 'C': 0.554, 'G': 0.444, 'T': 0.001}","{'A': 0.001, 'C': 0.997, 'G': 0.001, 'T': 0.001}","{'A': 0.001, 'C': 0.001, 'G': 0.997, 'T': 0.001}","{'A': 0.001, 'C': 0.439, 'G': 0.559, 'T': 0.001}",,,,,,,2
59,TGCACCACT,AGTGGTGCA,AGTGGCGCA,1944,1952,-0.14086058920387895,9,"{'A': 1.0, 'C': 0.0, 'G': 0.0, 'T': 0.0}","{'A': 0.0, 'C': 0.011585, 'G': 0.988415, 'T': 0.0}","{'A': 0.009485, 'C': 0.008862, 'G': 0.015116, 'T': 0.966537}","{'A': 0.050785, 'C': 0.002312, 'G': 0.946903, 'T': 0.0}","{'A': 0.005216, 'C': 0.005239, 'G': 0.986218, 'T': 0.003327}","{'A': 0.0, 'C': 0.89554, 'G': 0.0, 'T': 0.10446}","{'A': 0.275266, 'C': 0.0, 'G': 0.597459, 'T': 0.127274}","{'A': 0.0, 'C': 0.974351, 'G': 0.002673, 'T': 0.022976}","{'A': 0.99505, 'C': 0.0, 'G': 0.0, 'T': 0.00495}",,,,,,2
60,AGTGGTGCA,TGCACCACT,AGTGGCGCA,1646,1654,-0.14086058920387895,9,"{'A': 1.0, 'C': 0.0, 'G': 0.0, 'T': 0.0}","{'A': 0.0, 'C': 0.011585, 'G': 0.988415, 'T': 0.0}","{'A': 0.009485, 'C': 0.008862, 'G': 0.015116, 'T': 0.966537}","{'A': 0.050785, 'C': 0.002312, 'G': 0.946903, 'T': 0.0}","{'A': 0.005216, 'C': 0.005239, 'G': 0.986218, 'T': 0.003327}","{'A': 0.0, 'C': 0.89554, 'G': 0.0, 'T': 0.10446}","{'A': 0.275266, 'C': 0.0, 'G': 0.597459, 'T': 0.127274}","{'A': 0.0, 'C': 0.974351, 'G': 0.002673, 'T': 0.022976}","{'A': 0.99505, 'C': 0.0, 'G': 0.0, 'T': 0.00495}",,,,,,2
61,CGCAACGT,ACGTTGCG,MCSKYGCG,11342,11349,-0.14087454871137425,8,"{'A': 0.614, 'C': 0.332, 'G': 0.053, 'T': 0.001}","{'A': 0.001, 'C': 0.842, 'G': 0.156, 'T': 0.001}","{'A': 0.093, 'C': 0.427, 'G': 0.404, 'T': 0.077}","{'A': 0.001, 'C': 0.001, 'G': 0.326, 'T': 0.672}","{'A': 0.155, 'C': 0.171, 'G': 0.001, 'T': 0.673}","{'A': 0.001, 'C': 0.001, 'G': 0.795, 'T': 0.203}","{'A': 0.001, 'C': 0.997, 'G': 0.001, 'T': 0.001}","{'A': 0.001, 'C': 0.001, 'G': 0.997, 'T': 0.001}",,,,,,,2
62,TGCGCTCGG,CCGAGCGCA,known-MTF1,10134,10142,-0.14127636967048382,9,"{'A': 0.073231, 'C': 0.762136, 'G': 0.0, 'T': 0.164633}","{'A': 0.318974, 'C': 0.588206, 'G': 0.052859, 'T': 0.039961}","{'A': 0.0, 'C': 0.061236, 'G': 0.938764, 'T': 0.0}","{'A': 0.190887, 'C': 0.071067, 'G': 0.424151, 'T': 0.313895}","{'A': 0.008959, 'C': 0.065323, 'G': 0.925718, 'T': 0.0}","{'A': 0.020177, 'C': 0.914056, 'G': 0.0, 'T': 0.065766}","{'A': 0.030476, 'C': 0.0, 'G': 0.958952, 'T': 0.010571}","{'A': 0.0, 'C': 0.942743, 'G': 0.041728, 'T': 0.015529}","{'A': 0.870916, 'C': 0.051256, 'G': 0.0, 'T': 0.077828}",,,,,,2
63,TGCGCTCGG,CCGAGCGCA,known-MTF1,3690,3698,-0.14127636967048382,9,"{'A': 0.073231, 'C': 0.762136, 'G': 0.0, 'T': 0.164633}","{'A': 0.318974, 'C': 0.588206, 'G': 0.052859, 'T': 0.039961}","{'A': 0.0, 'C': 0.061236, 'G': 0.938764, 'T': 0.0}","{'A': 0.190887, 'C': 0.071067, 'G': 0.424151, 'T': 0.313895}","{'A': 0.008959, 'C': 0.065323, 'G': 0.925718, 'T': 0.0}","{'A': 0.020177, 'C': 0.914056, 'G': 0.0, 'T': 0.065766}","{'A': 0.030476, 'C': 0.0, 'G': 0.958952, 'T': 0.010571}","{'A': 0.0, 'C': 0.942743, 'G': 0.041728, 'T': 0.015529}","{'A': 0.870916, 'C': 0.051256, 'G': 0.0, 'T': 0.077828}",,,,,,2
64,CCGAGCGCA,TGCGCTCGG,known-MTF1,11244,11252,-0.14127636967048382,9,"{'A': 0.073231, 'C': 0.762136, 'G': 0.0, 'T': 0.164633}","{'A': 0.318974, 'C': 0.588206, 'G': 0.052859, 'T': 0.039961}","{'A': 0.0, 'C': 0.061236, 'G': 0.938764, 'T': 0.0}","{'A': 0.190887, 'C': 0.071067, 'G': 0.424151, 'T': 0.313895}","{'A': 0.008959, 'C': 0.065323, 'G': 0.925718, 'T': 0.0}","{'A': 0.020177, 'C': 0.914056, 'G': 0.0, 'T': 0.065766}","{'A': 0.030476, 'C': 0.0, 'G': 0.958952, 'T': 0.010571}","{'A': 0.0, 'C': 0.942743, 'G': 0.041728, 'T': 0.015529}","{'A': 0.870916, 'C': 0.051256, 'G': 0.0, 'T': 0.077828}",,,,,,2
65,AATTACAAAA,TTTTGTAATT,MATYACAAAD,2522,2531,-0.14148560681378117,10,"{'A': 0.778369, 'C': 0.202698, 'G': 0.011579, 'T': 0.007354}","{'A': 0.897139, 'C': 0.021698, 'G': 0.009553, 'T': 0.07161}","{'A': 0.013101, 'C': 0.075666, 'G': 0.03035, 'T': 0.880884}","{'A': 0.056906, 'C': 0.591574, 'G': 0.021648, 'T': 0.329872}","{'A': 0.951857, 'C': 0.0, 'G': 0.001598, 'T': 0.046545}","{'A': 0.0, 'C': 0.80918, 'G': 0.19082, 'T': 0.0}","{'A': 0.956434, 'C': 0.010829, 'G': 0.001092, 'T': 0.031646}","{'A': 0.86484, 'C': 0.046154, 'G': 0.014433, 'T': 0.074573}","{'A': 0.919056, 'C': 0.006617, 'G': 0.007797, 'T': 0.066529}","{'A': 0.323806, 'C': 0.129491, 'G': 0.181782, 'T': 0.36492}",,,,,2
66,AATTACAAAA,TTTTGTAATT,MATYACAAAD,2535,2544,-0.14148560681378117,10,"{'A': 0.778369, 'C': 0.202698, 'G': 0.011579, 'T': 0.007354}","{'A': 0.897139, 'C': 0.021698, 'G': 0.009553, 'T': 0.07161}","{'A': 0.013101, 'C': 0.075666, 'G': 0.03035, 'T': 0.880884}","{'A': 0.056906, 'C': 0.591574, 'G': 0.021648, 'T': 0.329872}","{'A': 0.951857, 'C': 0.0, 'G': 0.001598, 'T': 0.046545}","{'A': 0.0, 'C': 0.80918, 'G': 0.19082, 'T': 0.0}","{'A': 0.956434, 'C': 0.010829, 'G': 0.001092, 'T': 0.031646}","{'A': 0.86484, 'C': 0.046154, 'G': 0.014433, 'T': 0.074573}","{'A': 0.919056, 'C': 0.006617, 'G': 0.007797, 'T': 0.066529}","{'A': 0.323806, 'C': 0.129491, 'G': 0.181782, 'T': 0.36492}",,,,,2
67,ATAGCTCAC,GTGAGCTAT,known-BACH2,10482,10490,-0.14186721477548328,9,"{'A': 0.64186, 'C': 0.254482, 'G': 0.08794, 'T': 0.015718}","{'A': 0.0, 'C': 0.078796, 'G': 0.024576, 'T': 0.896628}","{'A': 0.214671, 'C': 0.012316, 'G': 0.76621, 'T': 0.006803}","{'A': 0.274252, 'C': 0.010585, 'G': 0.70601, 'T': 0.009154}","{'A': 0.001809, 'C': 0.977713, 'G': 0.017149, 'T': 0.003329}","{'A': 0.085792, 'C': 0.03747, 'G': 0.017395, 'T': 0.859342}","{'A': 0.079047, 'C': 0.837125, 'G': 0.072541, 'T': 0.011287}","{'A': 0.946945, 'C': 0.032999, 'G': 0.020056, 'T': 0.0}","{'A': 0.0, 'C': 0.910051, 'G': 0.005066, 'T': 0.084882}",,,,,,2
68,CCGGAGAG,CTCTCCGG,CKCYSCGS,7761,7768,-0.14275955332358198,8,"{'A': 0.001, 'C': 0.997, 'G': 0.001, 'T': 0.001}","{'A': 0.001, 'C': 0.001, 'G': 0.373, 'T': 0.625}","{'A': 0.001, 'C': 0.997, 'G': 0.001, 'T': 0.001}","{'A': 0.001, 'C': 0.621, 'G': 0.001, 'T': 0.377}","{'A': 0.001, 'C': 0.554, 'G': 0.444, 'T': 0.001}","{'A': 0.001, 'C': 0.997, 'G': 0.001, 'T': 0.001}","{'A': 0.001, 'C': 0.001, 'G': 0.997, 'T': 0.001}","{'A': 0.001, 'C': 0.439, 'G': 0.559, 'T': 0.001}",,,,,,,2
69,AGGCCGAGG,CCTCGGCCT,known-PAX5,9022,9030,-0.1430147819661765,9,"{'A': 0.904137, 'C': 0.011566, 'G': 0.066642, 'T': 0.017655}","{'A': 0.076858, 'C': 0.005749, 'G': 0.907931, 'T': 0.009463}","{'A': 0.012586, 'C': 0.032499, 'G': 0.94351, 'T': 0.011404}","{'A': 0.016864, 'C': 0.876058, 'G': 0.050766, 'T': 0.056312}","{'A': 0.143694, 'C': 0.144497, 'G': 0.128628, 'T': 0.583181}","{'A': 0.044967, 'C': 0.035376, 'G': 0.919356, 'T': 0.000301}","{'A': 0.77285, 'C': 0.038913, 'G': 0.146855, 'T': 0.041381}","{'A': 0.130105, 'C': 0.011954, 'G': 0.851113, 'T': 0.006828}","{'A': 0.063567, 'C': 0.053238, 'G': 0.870714, 'T': 0.012481}",,,,,,2
70,CCTCTGCCT,AGGCAGAGG,known-PAX5,9034,9042,-0.1432836926473073,9,"{'A': 0.904137, 'C': 0.011566, 'G': 0.066642, 'T': 0.017655}","{'A': 0.076858, 'C': 0.005749, 'G': 0.907931, 'T': 0.009463}","{'A': 0.012586, 'C': 0.032499, 'G': 0.94351, 'T': 0.011404}","{'A': 0.016864, 'C': 0.876058, 'G': 0.050766, 'T': 0.056312}","{'A': 0.143694, 'C': 0.144497, 'G': 0.128628, 'T': 0.583181}","{'A': 0.044967, 'C': 0.035376, 'G': 0.919356, 'T': 0.000301}","{'A': 0.77285, 'C': 0.038913, 'G': 0.146855, 'T': 0.041381}","{'A': 0.130105, 'C': 0.011954, 'G': 0.851113, 'T': 0.006828}","{'A': 0.063567, 'C': 0.053238, 'G': 0.870714, 'T': 0.012481}",,,,,,2
71,GCCTGGCTGAC,GTCAGCCAGGC,RCCTGGSTRAC,340,350,-0.14329466111232023,11,"{'A': 0.335149, 'C': 0.13556, 'G': 0.494468, 'T': 0.034823}","{'A': 0.001192, 'C': 0.934067, 'G': 0.009882, 'T': 0.054858}","{'A': 0.001827, 'C': 0.914268, 'G': 0.006923, 'T': 0.076982}","{'A': 0.001446, 'C': 0.005772, 'G': 0.001485, 'T': 0.991298}","{'A': 0.012284, 'C': 0.001955, 'G': 0.98515, 'T': 0.000612}","{'A': 0.003248, 'C': 0.0, 'G': 0.994847, 'T': 0.001905}","{'A': 0.014219, 'C': 0.574727, 'G': 0.410452, 'T': 0.000602}","{'A': 0.007006, 'C': 0.164559, 'G': 0.005908, 'T': 0.822528}","{'A': 0.737805, 'C': 0.071637, 'G': 0.190558, 'T': 0.0}","{'A': 0.975142, 'C': 0.017049, 'G': 0.002375, 'T': 0.005434}","{'A': 0.0, 'C': 0.736205, 'G': 0.0, 'T': 0.263795}",,,,2
72,TGCCCACTT,AAGTGGGCA,AGGTGGSCA,457,465,-0.14393886217309562,9,"{'A': 0.751458, 'C': 0.144521, 'G': 0.049311, 'T': 0.054709}","{'A': 0.203972, 'C': 0.012965, 'G': 0.735013, 'T': 0.048051}","{'A': 0.076153, 'C': 0.043179, 'G': 0.87468, 'T': 0.005988}","{'A': 0.04765, 'C': 0.014548, 'G': 0.0, 'T': 0.937803}","{'A': 0.012967, 'C': 0.0, 'G': 0.987033, 'T': 0.0}","{'A': 0.044054, 'C': 0.145974, 'G': 0.807533, 'T': 0.002439}","{'A': 0.037516, 'C': 0.260611, 'G': 0.66613, 'T': 0.035743}","{'A': 0.070483, 'C': 0.758688, 'G': 0.017916, 'T': 0.152914}","{'A': 1.0, 'C': 0.0, 'G': 0.0, 'T': 0.0}",,,,,,2
73,CTGCCACCAC,GTGGTGGCAG,GAGGTKGCAG,4942,4951,-0.14479701451523724,10,"{'A': 0.00468, 'C': 0.003178, 'G': 0.991544, 'T': 0.000598}","{'A': 0.797139, 'C': 0.038644, 'G': 0.002974, 'T': 0.161244}","{'A': 0.011701, 'C': 0.008467, 'G': 0.977984, 'T': 0.001848}","{'A': 0.01331, 'C': 0.161055, 'G': 0.820724, 'T': 0.004911}","{'A': 0.015348, 'C': 0.024352, 'G': 0.011903, 'T': 0.948397}","{'A': 0.001198, 'C': 0.004955, 'G': 0.423881, 'T': 0.569966}","{'A': 0.020501, 'C': 0.005623, 'G': 0.946015, 'T': 0.027861}","{'A': 0.01979, 'C': 0.885287, 'G': 0.052169, 'T': 0.042753}","{'A': 0.888916, 'C': 0.022806, 'G': 0.085186, 'T': 0.003093}","{'A': 0.01951, 'C': 0.023794, 'G': 0.928172, 'T': 0.028524}",,,,,2
74,CTCCCCCG,CGGGGGAG,SSGGSGAG,8094,8101,-0.14581394187516664,8,"{'A': 0.064, 'C': 0.286, 'G': 0.569, 'T': 0.081}","{'A': 0.001, 'C': 0.531, 'G': 0.467, 'T': 0.001}","{'A': 0.001, 'C': 0.001, 'G': 0.997, 'T': 0.001}","{'A': 0.001, 'C': 0.001, 'G': 0.997, 'T': 0.001}","{'A': 0.001, 'C': 0.48, 'G': 0.518, 'T': 0.001}","{'A': 0.001, 'C': 0.001, 'G': 0.997, 'T': 0.001}","{'A': 0.997, 'C': 0.001, 'G': 0.001, 'T': 0.001}","{'A': 0.001, 'C': 0.001, 'G': 0.997, 'T': 0.001}",,,,,,,2
75,CGGGGGAG,CTCCCCCG,SSGGSGAG,1196,1203,-0.14581394187516664,8,"{'A': 0.064, 'C': 0.286, 'G': 0.569, 'T': 0.081}","{'A': 0.001, 'C': 0.531, 'G': 0.467, 'T': 0.001}","{'A': 0.001, 'C': 0.001, 'G': 0.997, 'T': 0.001}","{'A': 0.001, 'C': 0.001, 'G': 0.997, 'T': 0.001}","{'A': 0.001, 'C': 0.48, 'G': 0.518, 'T': 0.001}","{'A': 0.001, 'C': 0.001, 'G': 0.997, 'T': 0.001}","{'A': 0.997, 'C': 0.001, 'G': 0.001, 'T': 0.001}","{'A': 0.001, 'C': 0.001, 'G': 0.997, 'T': 0.001}",,,,,,,2
76,CCCCCCTCCT,AGGAGGGGGG,known-MAZ,2657,2666,-0.1459965296952533,10,"{'A': 0.346, 'C': 0.001, 'G': 0.652, 'T': 0.001}","{'A': 0.097, 'C': 0.001, 'G': 0.901, 'T': 0.001}","{'A': 0.059, 'C': 0.001, 'G': 0.939, 'T': 0.001}","{'A': 0.494, 'C': 0.001, 'G': 0.446, 'T': 0.059}","{'A': 0.049, 'C': 0.001, 'G': 0.711, 'T': 0.239}","{'A': 0.163, 'C': 0.001, 'G': 0.427, 'T': 0.408}","{'A': 0.001, 'C': 0.001, 'G': 0.997, 'T': 0.001}","{'A': 0.001, 'C': 0.001, 'G': 0.997, 'T': 0.001}","{'A': 0.001, 'C': 0.001, 'G': 0.997, 'T': 0.001}","{'A': 0.201, 'C': 0.001, 'G': 0.797, 'T': 0.001}",,,,,2
77,CTGCCAGCTC,GAGCTGGCAG,GAGGTKGCAG,4873,4882,-0.14611425721595844,10,"{'A': 0.00468, 'C': 0.003178, 'G': 0.991544, 'T': 0.000598}","{'A': 0.797139, 'C': 0.038644, 'G': 0.002974, 'T': 0.161244}","{'A': 0.011701, 'C': 0.008467, 'G': 0.977984, 'T': 0.001848}","{'A': 0.01331, 'C': 0.161055, 'G': 0.820724, 'T': 0.004911}","{'A': 0.015348, 'C': 0.024352, 'G': 0.011903, 'T': 0.948397}","{'A': 0.001198, 'C': 0.004955, 'G': 0.423881, 'T': 0.569966}","{'A': 0.020501, 'C': 0.005623, 'G': 0.946015, 'T': 0.027861}","{'A': 0.01979, 'C': 0.885287, 'G': 0.052169, 'T': 0.042753}","{'A': 0.888916, 'C': 0.022806, 'G': 0.085186, 'T': 0.003093}","{'A': 0.01951, 'C': 0.023794, 'G': 0.928172, 'T': 0.028524}",,,,,2
78,CGCGCAGCGT,ACGCTGCGCG,YGCGCAGCGH,8372,8381,-0.14642506771181124,10,"{'A': 0.081283, 'C': 0.591152, 'G': 0.032186, 'T': 0.295379}","{'A': 0.045905, 'C': 0.129281, 'G': 0.751923, 'T': 0.072891}","{'A': 0.019733, 'C': 0.776223, 'G': 0.049724, 'T': 0.154319}","{'A': 0.082879, 'C': 0.019907, 'G': 0.795633, 'T': 0.101581}","{'A': 0.0, 'C': 0.812031, 'G': 0.12533, 'T': 0.062639}","{'A': 0.805391, 'C': 0.048593, 'G': 0.006617, 'T': 0.139399}","{'A': 0.0, 'C': 0.005191, 'G': 0.978337, 'T': 0.016471}","{'A': 0.158865, 'C': 0.716882, 'G': 0.073438, 'T': 0.050815}","{'A': 0.015507, 'C': 0.037827, 'G': 0.757569, 'T': 0.189098}","{'A': 0.275794, 'C': 0.364258, 'G': 0.0, 'T': 0.359948}",,,,,2
79,TGACCCTGG,CCAGGGTCA,known-ITF2,8111,8119,-0.1469181914586558,9,"{'A': 0.037753, 'C': 0.896505, 'G': 0.057735, 'T': 0.008008}","{'A': 0.0, 'C': 0.974199, 'G': 0.023595, 'T': 0.002206}","{'A': 0.938168, 'C': 0.007507, 'G': 0.050269, 'T': 0.004056}","{'A': 0.103948, 'C': 0.085836, 'G': 0.80589, 'T': 0.004326}","{'A': 0.021057, 'C': 0.006439, 'G': 0.954146, 'T': 0.018359}","{'A': 0.074957, 'C': 0.049238, 'G': 0.239373, 'T': 0.636433}","{'A': 0.041355, 'C': 0.016808, 'G': 0.505122, 'T': 0.436715}","{'A': 0.009426, 'C': 0.918619, 'G': 0.0, 'T': 0.071955}","{'A': 0.786966, 'C': 0.064464, 'G': 0.051154, 'T': 0.097416}",,,,,,2
80,GGCCCGCCTG,CAGGCGGGCC,CMGGCGGGCS,335,344,-0.148072581714066,10,"{'A': 0.025891, 'C': 0.9301, 'G': 0.034307, 'T': 0.009702}","{'A': 0.560678, 'C': 0.139884, 'G': 0.119667, 'T': 0.179771}","{'A': 0.018531, 'C': 0.147324, 'G': 0.815377, 'T': 0.018768}","{'A': 0.028088, 'C': 0.088616, 'G': 0.846308, 'T': 0.036988}","{'A': 0.042132, 'C': 0.885003, 'G': 0.034508, 'T': 0.038357}","{'A': 0.050487, 'C': 0.06421, 'G': 0.820718, 'T': 0.064585}","{'A': 0.071852, 'C': 0.134625, 'G': 0.778002, 'T': 0.015521}","{'A': 0.016213, 'C': 0.104855, 'G': 0.852864, 'T': 0.026068}","{'A': 0.060435, 'C': 0.840338, 'G': 0.051536, 'T': 0.047691}","{'A': 0.223829, 'C': 0.226825, 'G': 0.426953, 'T': 0.122393}",,,,,2
81,GGCCCGCCTG,CAGGCGGGCC,CMGGCGGGCS,528,537,-0.148072581714066,10,"{'A': 0.025891, 'C': 0.9301, 'G': 0.034307, 'T': 0.009702}","{'A': 0.560678, 'C': 0.139884, 'G': 0.119667, 'T': 0.179771}","{'A': 0.018531, 'C': 0.147324, 'G': 0.815377, 'T': 0.018768}","{'A': 0.028088, 'C': 0.088616, 'G': 0.846308, 'T': 0.036988}","{'A': 0.042132, 'C': 0.885003, 'G': 0.034508, 'T': 0.038357}","{'A': 0.050487, 'C': 0.06421, 'G': 0.820718, 'T': 0.064585}","{'A': 0.071852, 'C': 0.134625, 'G': 0.778002, 'T': 0.015521}","{'A': 0.016213, 'C': 0.104855, 'G': 0.852864, 'T': 0.026068}","{'A': 0.060435, 'C': 0.840338, 'G': 0.051536, 'T': 0.047691}","{'A': 0.223829, 'C': 0.226825, 'G': 0.426953, 'T': 0.122393}",,,,,2
82,TTCCGCGC,GCGCGGAA,SCGCGGRA,12006,12013,-0.14819192673314774,8,"{'A': 0.001, 'C': 0.526, 'G': 0.472, 'T': 0.001}","{'A': 0.001, 'C': 0.707, 'G': 0.064, 'T': 0.228}","{'A': 0.001, 'C': 0.11, 'G': 0.836, 'T': 0.053}","{'A': 0.158, 'C': 0.658, 'G': 0.183, 'T': 0.001}","{'A': 0.111, 'C': 0.001, 'G': 0.758, 'T': 0.13}","{'A': 0.258, 'C': 0.022, 'G': 0.719, 'T': 0.001}","{'A': 0.654, 'C': 0.001, 'G': 0.344, 'T': 0.001}","{'A': 0.997, 'C': 0.001, 'G': 0.001, 'T': 0.001}",,,,,,,2
83,GCGCTTTC,GAAAGCGC,GCSCTBDC,10472,10479,-0.15029036346389435,8,"{'A': 0.156, 'C': 0.096, 'G': 0.654, 'T': 0.094}","{'A': 0.184, 'C': 0.625, 'G': 0.07, 'T': 0.121}","{'A': 0.001, 'C': 0.278, 'G': 0.72, 'T': 0.001}","{'A': 0.186, 'C': 0.72, 'G': 0.001, 'T': 0.093}","{'A': 0.057, 'C': 0.171, 'G': 0.001, 'T': 0.771}","{'A': 0.001, 'C': 0.167, 'G': 0.167, 'T': 0.665}","{'A': 0.226, 'C': 0.021, 'G': 0.155, 'T': 0.598}","{'A': 0.001, 'C': 0.966, 'G': 0.001, 'T': 0.032}",,,,,,,2
84,ACACTACTG,CAGTAGTGT,CAGTAGTGG,4292,4300,-0.15031247454874838,9,"{'A': 0.026779, 'C': 0.728328, 'G': 0.0, 'T': 0.244892}","{'A': 0.929755, 'C': 0.005234, 'G': 0.0, 'T': 0.065011}","{'A': 0.018109, 'C': 0.0, 'G': 0.981891, 'T': 0.0}","{'A': 0.060273, 'C': 0.029574, 'G': 0.074068, 'T': 0.836086}","{'A': 0.938168, 'C': 0.030676, 'G': 0.0, 'T': 0.031156}","{'A': 0.209949, 'C': 0.0, 'G': 0.785674, 'T': 0.004377}","{'A': 0.077849, 'C': 0.044387, 'G': 0.0, 'T': 0.877765}","{'A': 0.183239, 'C': 0.075694, 'G': 0.695044, 'T': 0.046023}","{'A': 0.056621, 'C': 0.065923, 'G': 0.699929, 'T': 0.177527}",,,,,,2
85,GCGCCCTG,CAGGGCGC,TAGGGCGC,8329,8336,-0.15236005741317551,8,"{'A': 0.033, 'C': 0.132, 'G': 0.081, 'T': 0.754}","{'A': 0.871, 'C': 0.001, 'G': 0.127, 'T': 0.001}","{'A': 0.023, 'C': 0.015, 'G': 0.961, 'T': 0.001}","{'A': 0.001, 'C': 0.074, 'G': 0.892, 'T': 0.033}","{'A': 0.023, 'C': 0.019, 'G': 0.941, 'T': 0.017}","{'A': 0.076, 'C': 0.832, 'G': 0.091, 'T': 0.001}","{'A': 0.041, 'C': 0.001, 'G': 0.902, 'T': 0.056}","{'A': 0.046, 'C': 0.868, 'G': 0.066, 'T': 0.02}",,,,,,,2
86,AGGCGAGGA,TCCTCGCCT,AGGCGCGGA,2853,2861,-0.15272304041316712,9,"{'A': 0.875214, 'C': 0.017681, 'G': 0.092331, 'T': 0.014774}","{'A': 0.0, 'C': 0.055604, 'G': 0.932808, 'T': 0.011587}","{'A': 0.038647, 'C': 0.056005, 'G': 0.709594, 'T': 0.195753}","{'A': 0.0, 'C': 0.913535, 'G': 0.065131, 'T': 0.021334}","{'A': 0.085254, 'C': 0.0, 'G': 0.914746, 'T': 0.0}","{'A': 0.183339, 'C': 0.703185, 'G': 0.015358, 'T': 0.098117}","{'A': 0.224707, 'C': 0.03322, 'G': 0.693924, 'T': 0.048149}","{'A': 0.0, 'C': 0.003289, 'G': 0.987775, 'T': 0.008936}","{'A': 0.693946, 'C': 0.069805, 'G': 0.036235, 'T': 0.200014}",,,,,,2
87,CGCGCACG,CGTGCGCG,CRCVCRCG,1092,1099,-0.15327348346381006,8,"{'A': 0.168, 'C': 0.83, 'G': 0.001, 'T': 0.001}","{'A': 0.456, 'C': 0.001, 'G': 0.542, 'T': 0.001}","{'A': 0.001, 'C': 0.997, 'G': 0.001, 'T': 0.001}","{'A': 0.282, 'C': 0.229, 'G': 0.488, 'T': 0.001}","{'A': 0.001, 'C': 0.997, 'G': 0.001, 'T': 0.001}","{'A': 0.394, 'C': 0.001, 'G': 0.604, 'T': 0.001}","{'A': 0.001, 'C': 0.997, 'G': 0.001, 'T': 0.001}","{'A': 0.305, 'C': 0.001, 'G': 0.693, 'T': 0.001}",,,,,,,2
88,GCGGGGGA,TCCCCCGC,known-ZFP740,1195,1202,-0.15372103720145042,8,"{'A': 0.001, 'C': 0.435, 'G': 0.001, 'T': 0.563}","{'A': 0.001, 'C': 0.997, 'G': 0.001, 'T': 0.001}","{'A': 0.001, 'C': 0.525, 'G': 0.432, 'T': 0.042}","{'A': 0.001, 'C': 0.997, 'G': 0.001, 'T': 0.001}","{'A': 0.001, 'C': 0.756, 'G': 0.242, 'T': 0.001}","{'A': 0.001, 'C': 0.957, 'G': 0.041, 'T': 0.001}","{'A': 0.001, 'C': 0.72, 'G': 0.278, 'T': 0.001}","{'A': 0.001, 'C': 0.997, 'G': 0.001, 'T': 0.001}",,,,,,,2
89,CTCTGCGG,CCGCAGAG,CKCYSCGS,7249,7256,-0.15477540265030823,8,"{'A': 0.001, 'C': 0.997, 'G': 0.001, 'T': 0.001}","{'A': 0.001, 'C': 0.001, 'G': 0.373, 'T': 0.625}","{'A': 0.001, 'C': 0.997, 'G': 0.001, 'T': 0.001}","{'A': 0.001, 'C': 0.621, 'G': 0.001, 'T': 0.377}","{'A': 0.001, 'C': 0.554, 'G': 0.444, 'T': 0.001}","{'A': 0.001, 'C': 0.997, 'G': 0.001, 'T': 0.001}","{'A': 0.001, 'C': 0.001, 'G': 0.997, 'T': 0.001}","{'A': 0.001, 'C': 0.439, 'G': 0.559, 'T': 0.001}",,,,,,,2
90,AGTGCGCG,CGCGCACT,CGCGSAYT,117,124,-0.1551035828463879,8,"{'A': 0.257, 'C': 0.741, 'G': 0.001, 'T': 0.001}","{'A': 0.053, 'C': 0.049, 'G': 0.897, 'T': 0.001}","{'A': 0.001, 'C': 0.913, 'G': 0.001, 'T': 0.085}","{'A': 0.207, 'C': 0.001, 'G': 0.791, 'T': 0.001}","{'A': 0.052, 'C': 0.691, 'G': 0.256, 'T': 0.001}","{'A': 0.656, 'C': 0.107, 'G': 0.119, 'T': 0.118}","{'A': 0.058, 'C': 0.308, 'G': 0.033, 'T': 0.601}","{'A': 0.141, 'C': 0.001, 'G': 0.001, 'T': 0.857}",,,,,,,2
91,CGGCTCTG,CAGAGCCG,CGGCTCCG,7246,7253,-0.15541405669945405,8,"{'A': 0.024, 'C': 0.881, 'G': 0.07, 'T': 0.025}","{'A': 0.031, 'C': 0.052, 'G': 0.877, 'T': 0.04}","{'A': 0.001, 'C': 0.058, 'G': 0.94, 'T': 0.001}","{'A': 0.083, 'C': 0.872, 'G': 0.032, 'T': 0.013}","{'A': 0.045, 'C': 0.001, 'G': 0.025, 'T': 0.929}","{'A': 0.032, 'C': 0.917, 'G': 0.033, 'T': 0.018}","{'A': 0.024, 'C': 0.808, 'G': 0.037, 'T': 0.131}","{'A': 0.061, 'C': 0.041, 'G': 0.808, 'T': 0.09}",,,,,,,2
92,AAAAACAGG,CCTGTTTTT,AHAAACAGC,11842,11850,-0.15543915117442772,9,"{'A': 0.924591, 'C': 0.0, 'G': 0.052729, 'T': 0.02268}","{'A': 0.54432, 'C': 0.152718, 'G': 0.079722, 'T': 0.22324}","{'A': 0.902402, 'C': 0.012277, 'G': 0.059797, 'T': 0.025524}","{'A': 0.830293, 'C': 0.068269, 'G': 0.090473, 'T': 0.010966}","{'A': 0.94315, 'C': 0.01965, 'G': 0.037201, 'T': 0.0}","{'A': 0.072289, 'C': 0.885401, 'G': 0.02119, 'T': 0.021119}","{'A': 0.946265, 'C': 0.007494, 'G': 0.0, 'T': 0.046241}","{'A': 0.047867, 'C': 0.059056, 'G': 0.885829, 'T': 0.007248}","{'A': 0.040107, 'C': 0.790974, 'G': 0.151192, 'T': 0.017727}",,,,,,2
93,GGAGTTCAAG,CTTGAACTCC,CTTGAACTCA,4842,4851,-0.1558594609545337,10,"{'A': 0.002869, 'C': 0.990824, 'G': 0.001116, 'T': 0.005191}","{'A': 0.020151, 'C': 0.044371, 'G': 0.005285, 'T': 0.930194}","{'A': 0.197719, 'C': 0.0, 'G': 0.090187, 'T': 0.712094}","{'A': 0.017358, 'C': 0.000834, 'G': 0.981808, 'T': 0.0}","{'A': 0.930471, 'C': 0.069529, 'G': 0.0, 'T': 0.0}","{'A': 0.968038, 'C': 0.008557, 'G': 0.012962, 'T': 0.010443}","{'A': 0.008824, 'C': 0.968232, 'G': 0.022944, 'T': 0.0}","{'A': 0.007875, 'C': 0.160658, 'G': 0.020402, 'T': 0.811066}","{'A': 0.05029, 'C': 0.946827, 'G': 0.0, 'T': 0.002883}","{'A': 0.907818, 'C': 0.064028, 'G': 0.02102, 'T': 0.007135}",,,,,2
94,CAGTGTTAG,CTAACACTG,CCGTGTTAG,3773,3781,-0.1564255593927411,9,"{'A': 0.001487, 'C': 0.990973, 'G': 0.003215, 'T': 0.004325}","{'A': 0.085533, 'C': 0.658163, 'G': 0.0, 'T': 0.256304}","{'A': 0.151217, 'C': 0.011889, 'G': 0.836894, 'T': 0.0}","{'A': 0.00128, 'C': 0.009563, 'G': 0.0, 'T': 0.989157}","{'A': 0.038594, 'C': 0.0, 'G': 0.93816, 'T': 0.023246}","{'A': 0.024775, 'C': 0.070703, 'G': 0.003317, 'T': 0.901205}","{'A': 0.017218, 'C': 0.045309, 'G': 0.12707, 'T': 0.810403}","{'A': 0.859592, 'C': 0.006228, 'G': 0.001902, 'T': 0.132277}","{'A': 0.00187, 'C': 0.049558, 'G': 0.946117, 'T': 0.002455}",,,,,,2
95,CCTCCGCGC,GCGCGGAGG,CCTCGKCGC,2623,2631,-0.1572564918303058,9,"{'A': 0.0, 'C': 0.966988, 'G': 0.017313, 'T': 0.015699}","{'A': 0.0, 'C': 0.934975, 'G': 0.059687, 'T': 0.005338}","{'A': 0.088978, 'C': 0.015969, 'G': 0.037135, 'T': 0.857917}","{'A': 0.0, 'C': 1.0, 'G': 0.0, 'T': 0.0}","{'A': 0.141542, 'C': 0.205873, 'G': 0.652584, 'T': 0.0}","{'A': 0.0, 'C': 0.0, 'G': 0.285353, 'T': 0.714647}","{'A': 0.0, 'C': 0.980935, 'G': 0.019065, 'T': 0.0}","{'A': 0.03221, 'C': 0.022558, 'G': 0.89982, 'T': 0.045412}","{'A': 0.0, 'C': 0.955537, 'G': 0.036619, 'T': 0.007844}",,,,,,2
96,TCCAGCGG,CCGCTGGA,CCGMYVGA,7214,7221,-0.1604686387269727,8,"{'A': 0.001, 'C': 0.782, 'G': 0.216, 'T': 0.001}","{'A': 0.001, 'C': 0.997, 'G': 0.001, 'T': 0.001}","{'A': 0.001, 'C': 0.001, 'G': 0.997, 'T': 0.001}","{'A': 0.401, 'C': 0.597, 'G': 0.001, 'T': 0.001}","{'A': 0.197, 'C': 0.329, 'G': 0.132, 'T': 0.342}","{'A': 0.249, 'C': 0.229, 'G': 0.401, 'T': 0.121}","{'A': 0.178, 'C': 0.001, 'G': 0.82, 'T': 0.001}","{'A': 0.997, 'C': 0.001, 'G': 0.001, 'T': 0.001}",,,,,,,2
97,GCTGGGGCT,AGCCCCAGC,AGKCCCAGC,8303,8311,-0.1607025240776447,9,"{'A': 0.765291, 'C': 0.066045, 'G': 0.09948, 'T': 0.069183}","{'A': 0.056995, 'C': 0.14784, 'G': 0.746987, 'T': 0.048178}","{'A': 0.148976, 'C': 0.126809, 'G': 0.214266, 'T': 0.50995}","{'A': 0.011199, 'C': 0.923038, 'G': 0.031331, 'T': 0.034431}","{'A': 0.075521, 'C': 0.799057, 'G': 0.020742, 'T': 0.10468}","{'A': 0.010906, 'C': 0.948987, 'G': 0.009929, 'T': 0.030178}","{'A': 0.869967, 'C': 0.013285, 'G': 0.041989, 'T': 0.074759}","{'A': 0.003133, 'C': 0.020394, 'G': 0.962718, 'T': 0.013754}","{'A': 0.07129, 'C': 0.842031, 'G': 0.047082, 'T': 0.039598}",,,,,,2
98,TCAACCTCTG,CAGAGGTTGA,GCAASCTCYG,6734,6743,-0.16109632131465687,10,"{'A': 0.113507, 'C': 0.03905, 'G': 0.764838, 'T': 0.082605}","{'A': 0.028339, 'C': 0.855609, 'G': 0.010176, 'T': 0.105876}","{'A': 0.918288, 'C': 0.059856, 'G': 0.013867, 'T': 0.007989}","{'A': 0.907189, 'C': 0.001857, 'G': 0.038098, 'T': 0.052856}","{'A': 0.027412, 'C': 0.592763, 'G': 0.223532, 'T': 0.156292}","{'A': 0.014568, 'C': 0.931118, 'G': 0.037782, 'T': 0.016533}","{'A': 0.03773, 'C': 0.00709, 'G': 0.004203, 'T': 0.950977}","{'A': 0.0, 'C': 0.994704, 'G': 0.0, 'T': 0.005296}","{'A': 0.007486, 'C': 0.188781, 'G': 0.0, 'T': 0.803733}","{'A': 0.0, 'C': 0.008673, 'G': 0.991327, 'T': 0.0}",,,,,2
99,CCCAGCTCCA,TGGAGCTGGG,known-TOPORS,4578,4587,-0.16214300979856378,10,"{'A': 0.012058, 'C': 0.954299, 'G': 0.018643, 'T': 0.015}","{'A': 0.051768, 'C': 0.906413, 'G': 0.012872, 'T': 0.028948}","{'A': 0.003046, 'C': 0.953666, 'G': 0.016904, 'T': 0.026384}","{'A': 0.875449, 'C': 0.011082, 'G': 0.066606, 'T': 0.046863}","{'A': 0.004188, 'C': 0.08373, 'G': 0.892561, 'T': 0.019522}","{'A': 0.017478, 'C': 0.910867, 'G': 0.059016, 'T': 0.012639}","{'A': 0.086425, 'C': 0.13936, 'G': 0.016101, 'T': 0.758113}","{'A': 0.596803, 'C': 0.238178, 'G': 0.128375, 'T': 0.036644}","{'A': 0.104676, 'C': 0.823098, 'G': 0.01334, 'T': 0.058887}","{'A': 0.274001, 'C': 0.257334, 'G': 0.073678, 'T': 0.394987}",,,,,2
